Time(s)	X(m)	Y(m)	Z(m)
0.000	0.1518	-0.2730	0.7698
0.010	0.1518	-0.2730	0.7698
0.020	0.1518	-0.2730	0.7698
0.030	0.1518	-0.2730	0.7698
0.040	0.1518	-0.2729	0.7698
0.050	0.1518	-0.2729	0.7698
0.060	0.1518	-0.2728	0.7698
0.070	0.1518	-0.2728	0.7698
0.080	0.1518	-0.2727	0.7698
0.090	0.1518	-0.2726	0.7698
0.100	0.1518	-0.2725	0.7698
0.110	0.1518	-0.2724	0.7698
0.120	0.1518	-0.2723	0.7699
0.130	0.1519	-0.2722	0.7699
0.140	0.1519	-0.2720	0.7699
0.150	0.1519	-0.2719	0.7699
0.160	0.1519	-0.2717	0.7699
0.170	0.1519	-0.2716	0.7699
0.180	0.1519	-0.2714	0.7699
0.190	0.1519	-0.2712	0.7699
0.200	0.1519	-0.2710	0.7699
0.210	0.1519	-0.2708	0.7700
0.220	0.1519	-0.2706	0.7700
0.230	0.1520	-0.2704	0.7700
0.240	0.1520	-0.2701	0.7700
0.250	0.1520	-0.2699	0.7700
0.260	0.1520	-0.2696	0.7700
0.270	0.1520	-0.2694	0.7701
0.280	0.1520	-0.2691	0.7701
0.290	0.1521	-0.2688	0.7701
0.300	0.1521	-0.2685	0.7701
0.310	0.1521	-0.2682	0.7701
0.320	0.1521	-0.2679	0.7702
0.330	0.1521	-0.2676	0.7702
0.340	0.1521	-0.2672	0.7702
0.350	0.1522	-0.2669	0.7702
0.360	0.1522	-0.2665	0.7703
0.370	0.1522	-0.2662	0.7703
0.380	0.1522	-0.2658	0.7703
0.390	0.1523	-0.2654	0.7703
0.400	0.1523	-0.2650	0.7704
0.410	0.1523	-0.2646	0.7704
0.420	0.1523	-0.2642	0.7704
0.430	0.1524	-0.2638	0.7705
0.440	0.1524	-0.2634	0.7705
0.450	0.1524	-0.2629	0.7705
0.460	0.1524	-0.2625	0.7705
0.470	0.1525	-0.2620	0.7706
0.480	0.1525	-0.2615	0.7706
0.490	0.1525	-0.2610	0.7706
0.500	0.1525	-0.2606	0.7707
0.510	0.1526	-0.2601	0.7707
0.520	0.1526	-0.2596	0.7708
0.530	0.1526	-0.2591	0.7708
0.540	0.1527	-0.2586	0.7708
0.550	0.1527	-0.2581	0.7709
0.560	0.1527	-0.2576	0.7709
0.570	0.1528	-0.2571	0.7709
0.580	0.1528	-0.2566	0.7710
0.590	0.1528	-0.2561	0.7710
0.600	0.1528	-0.2556	0.7710
0.610	0.1529	-0.2551	0.7711
0.620	0.1529	-0.2546	0.7711
0.630	0.1529	-0.2541	0.7711
0.640	0.1530	-0.2536	0.7712
0.650	0.1530	-0.2531	0.7712
0.660	0.1530	-0.2526	0.7712
0.670	0.1531	-0.2521	0.7713
0.680	0.1531	-0.2516	0.7713
0.690	0.1531	-0.2511	0.7714
0.700	0.1531	-0.2506	0.7714
0.710	0.1532	-0.2501	0.7714
0.720	0.1532	-0.2496	0.7715
0.730	0.1532	-0.2491	0.7715
0.740	0.1533	-0.2486	0.7715
0.750	0.1533	-0.2481	0.7716
0.760	0.1533	-0.2476	0.7716
0.770	0.1533	-0.2471	0.7716
0.780	0.1534	-0.2466	0.7717
0.790	0.1534	-0.2461	0.7717
0.800	0.1534	-0.2456	0.7717
0.810	0.1535	-0.2451	0.7718
0.820	0.1535	-0.2446	0.7718
0.830	0.1535	-0.2441	0.7718
0.840	0.1536	-0.2436	0.7719
0.850	0.1536	-0.2431	0.7719
0.860	0.1536	-0.2426	0.7719
0.870	0.1536	-0.2421	0.7720
0.880	0.1537	-0.2416	0.7720
0.890	0.1537	-0.2411	0.7721
0.900	0.1537	-0.2406	0.7721
0.910	0.1538	-0.2401	0.7721
0.920	0.1538	-0.2396	0.7722
0.930	0.1538	-0.2391	0.7722
0.940	0.1539	-0.2386	0.7722
0.950	0.1539	-0.2381	0.7723
0.960	0.1539	-0.2377	0.7723
0.970	0.1539	-0.2372	0.7723
0.980	0.1540	-0.2367	0.7724
0.990	0.1540	-0.2362	0.7724
1.000	0.1540	-0.2357	0.7724
1.010	0.1541	-0.2352	0.7725
1.020	0.1541	-0.2347	0.7725
1.030	0.1541	-0.2342	0.7725
1.040	0.1542	-0.2337	0.7726
1.050	0.1542	-0.2332	0.7726
1.060	0.1542	-0.2327	0.7727
1.070	0.1542	-0.2322	0.7727
1.080	0.1543	-0.2317	0.7727
1.090	0.1543	-0.2312	0.7728
1.100	0.1543	-0.2307	0.7728
1.110	0.1544	-0.2302	0.7728
1.120	0.1544	-0.2297	0.7729
1.130	0.1544	-0.2292	0.7729
1.140	0.1545	-0.2287	0.7729
1.150	0.1545	-0.2282	0.7730
1.160	0.1545	-0.2277	0.7730
1.170	0.1545	-0.2272	0.7730
1.180	0.1546	-0.2267	0.7731
1.190	0.1546	-0.2262	0.7731
1.200	0.1546	-0.2257	0.7731
1.210	0.1547	-0.2252	0.7732
1.220	0.1547	-0.2247	0.7732
1.230	0.1547	-0.2242	0.7733
1.240	0.1547	-0.2237	0.7733
1.250	0.1548	-0.2232	0.7733
1.260	0.1548	-0.2227	0.7734
1.270	0.1548	-0.2222	0.7734
1.280	0.1549	-0.2217	0.7734
1.290	0.1549	-0.2212	0.7735
1.300	0.1549	-0.2207	0.7735
1.310	0.1550	-0.2202	0.7735
1.320	0.1550	-0.2197	0.7736
1.330	0.1550	-0.2192	0.7736
1.340	0.1550	-0.2187	0.7736
1.350	0.1551	-0.2182	0.7737
1.360	0.1551	-0.2177	0.7737
1.370	0.1551	-0.2172	0.7737
1.380	0.1552	-0.2167	0.7738
1.390	0.1552	-0.2162	0.7738
1.400	0.1552	-0.2157	0.7739
1.410	0.1553	-0.2152	0.7739
1.420	0.1553	-0.2147	0.7739
1.430	0.1553	-0.2143	0.7740
1.440	0.1553	-0.2138	0.7740
1.450	0.1554	-0.2133	0.7740
1.460	0.1554	-0.2128	0.7741
1.470	0.1554	-0.2123	0.7741
1.480	0.1555	-0.2118	0.7741
1.490	0.1555	-0.2113	0.7742
1.500	0.1555	-0.2108	0.7742
1.510	0.1556	-0.2103	0.7742
1.520	0.1556	-0.2098	0.7743
1.530	0.1556	-0.2093	0.7743
1.540	0.1556	-0.2088	0.7743
1.550	0.1557	-0.2083	0.7744
1.560	0.1557	-0.2078	0.7744
1.570	0.1557	-0.2073	0.7745
1.580	0.1558	-0.2068	0.7745
1.590	0.1558	-0.2063	0.7745
1.600	0.1558	-0.2058	0.7746
1.610	0.1559	-0.2053	0.7746
1.620	0.1559	-0.2048	0.7746
1.630	0.1559	-0.2043	0.7747
1.640	0.1559	-0.2038	0.7747
1.650	0.1560	-0.2033	0.7747
1.660	0.1560	-0.2028	0.7748
1.670	0.1560	-0.2023	0.7748
1.680	0.1561	-0.2018	0.7748
1.690	0.1561	-0.2013	0.7749
1.700	0.1561	-0.2008	0.7749
1.710	0.1561	-0.2003	0.7749
1.720	0.1562	-0.1998	0.7750
1.730	0.1562	-0.1993	0.7750
1.740	0.1562	-0.1988	0.7750
1.750	0.1563	-0.1983	0.7751
1.760	0.1563	-0.1978	0.7751
1.770	0.1563	-0.1973	0.7752
1.780	0.1564	-0.1968	0.7752
1.790	0.1564	-0.1963	0.7752
1.800	0.1564	-0.1958	0.7753
1.810	0.1564	-0.1953	0.7753
1.820	0.1565	-0.1948	0.7753
1.830	0.1565	-0.1943	0.7754
1.840	0.1565	-0.1938	0.7754
1.850	0.1566	-0.1933	0.7754
1.860	0.1566	-0.1928	0.7755
1.870	0.1566	-0.1923	0.7755
1.880	0.1567	-0.1918	0.7755
1.890	0.1567	-0.1913	0.7756
1.900	0.1567	-0.1909	0.7756
1.910	0.1567	-0.1904	0.7756
1.920	0.1568	-0.1899	0.7757
1.930	0.1568	-0.1894	0.7757
1.940	0.1568	-0.1889	0.7758
1.950	0.1569	-0.1884	0.7758
1.960	0.1569	-0.1879	0.7758
1.970	0.1569	-0.1874	0.7759
1.980	0.1570	-0.1869	0.7759
1.990	0.1570	-0.1864	0.7759
2.000	0.1570	-0.1859	0.7760
2.010	0.1570	-0.1854	0.7760
2.020	0.1571	-0.1849	0.7760
2.030	0.1571	-0.1844	0.7761
2.040	0.1571	-0.1839	0.7761
2.050	0.1572	-0.1834	0.7761
2.060	0.1572	-0.1829	0.7762
2.070	0.1572	-0.1824	0.7762
2.080	0.1572	-0.1819	0.7762
2.090	0.1573	-0.1814	0.7763
2.100	0.1573	-0.1809	0.7763
2.110	0.1573	-0.1804	0.7764
2.120	0.1574	-0.1799	0.7764
2.130	0.1574	-0.1794	0.7764
2.140	0.1574	-0.1789	0.7765
2.150	0.1575	-0.1784	0.7765
2.160	0.1575	-0.1779	0.7765
2.170	0.1575	-0.1774	0.7766
2.180	0.1575	-0.1769	0.7766
2.190	0.1576	-0.1764	0.7766
2.200	0.1576	-0.1759	0.7767
2.210	0.1576	-0.1754	0.7767
2.220	0.1577	-0.1749	0.7767
2.230	0.1577	-0.1744	0.7768
2.240	0.1577	-0.1739	0.7768
2.250	0.1578	-0.1734	0.7768
2.260	0.1578	-0.1729	0.7769
2.270	0.1578	-0.1724	0.7769
2.280	0.1578	-0.1719	0.7770
2.290	0.1579	-0.1714	0.7770
2.300	0.1579	-0.1709	0.7770
2.310	0.1579	-0.1704	0.7771
2.320	0.1580	-0.1699	0.7771
2.330	0.1580	-0.1694	0.7771
2.340	0.1580	-0.1689	0.7772
2.350	0.1581	-0.1684	0.7772
2.360	0.1581	-0.1680	0.7772
2.370	0.1581	-0.1675	0.7773
2.380	0.1581	-0.1670	0.7773
2.390	0.1582	-0.1665	0.7773
2.400	0.1582	-0.1660	0.7774
2.410	0.1582	-0.1655	0.7774
2.420	0.1583	-0.1650	0.7774
2.430	0.1583	-0.1646	0.7775
2.440	0.1583	-0.1641	0.7775
2.450	0.1583	-0.1637	0.7775
2.460	0.1584	-0.1633	0.7776
2.470	0.1584	-0.1628	0.7776
2.480	0.1584	-0.1624	0.7776
2.490	0.1584	-0.1620	0.7777
2.500	0.1585	-0.1616	0.7777
2.510	0.1585	-0.1613	0.7777
2.520	0.1585	-0.1609	0.7777
2.530	0.1585	-0.1605	0.7778
2.540	0.1585	-0.1602	0.7778
2.550	0.1586	-0.1599	0.7778
2.560	0.1586	-0.1595	0.7778
2.570	0.1586	-0.1592	0.7779
2.580	0.1586	-0.1589	0.7779
2.590	0.1586	-0.1586	0.7779
2.600	0.1587	-0.1583	0.7779
2.610	0.1587	-0.1580	0.7779
2.620	0.1587	-0.1578	0.7780
2.630	0.1587	-0.1575	0.7780
2.640	0.1587	-0.1573	0.7780
2.650	0.1587	-0.1570	0.7780
2.660	0.1588	-0.1568	0.7780
2.670	0.1588	-0.1566	0.7780
2.680	0.1588	-0.1564	0.7781
2.690	0.1588	-0.1562	0.7781
2.700	0.1588	-0.1560	0.7781
2.710	0.1588	-0.1558	0.7781
2.720	0.1588	-0.1556	0.7781
2.730	0.1588	-0.1555	0.7781
2.740	0.1588	-0.1553	0.7781
2.750	0.1588	-0.1552	0.7781
2.760	0.1589	-0.1551	0.7781
2.770	0.1589	-0.1549	0.7782
2.780	0.1589	-0.1548	0.7782
2.790	0.1589	-0.1547	0.7782
2.800	0.1589	-0.1547	0.7782
2.810	0.1589	-0.1546	0.7782
2.820	0.1589	-0.1545	0.7782
2.830	0.1589	-0.1544	0.7782
2.840	0.1589	-0.1544	0.7782
2.850	0.1589	-0.1544	0.7782
2.860	0.1589	-0.1543	0.7782
2.870	0.1589	-0.1543	0.7782
2.880	0.1589	-0.1543	0.7782
2.890	0.1589	-0.1543	0.7782
2.900	0.1589	-0.1543	0.7782
2.910	0.1589	-0.1543	0.7782
2.920	0.1589	-0.1543	0.7782
2.930	0.1589	-0.1543	0.7782
2.940	0.1589	-0.1543	0.7782
2.950	0.1589	-0.1543	0.7782
2.960	0.1589	-0.1543	0.7782
2.970	0.1589	-0.1543	0.7782
2.980	0.1589	-0.1543	0.7782
2.990	0.1589	-0.1543	0.7782
3.000	0.1589	-0.1543	0.7782
3.010	0.1589	-0.1543	0.7782
3.020	0.1589	-0.1543	0.7782
3.030	0.1589	-0.1543	0.7782
3.040	0.1589	-0.1543	0.7782
3.050	0.1589	-0.1543	0.7782
3.060	0.1589	-0.1543	0.7782
3.070	0.1589	-0.1543	0.7782
3.080	0.1589	-0.1543	0.7782
3.090	0.1589	-0.1543	0.7782
3.100	0.1589	-0.1543	0.7782
3.110	0.1589	-0.1543	0.7782
3.120	0.1589	-0.1543	0.7782
3.130	0.1589	-0.1543	0.7782
3.140	0.1589	-0.1543	0.7782
3.150	0.1589	-0.1543	0.7782
3.160	0.1589	-0.1543	0.7782
3.170	0.1589	-0.1543	0.7782
3.180	0.1589	-0.1543	0.7782
3.190	0.1589	-0.1543	0.7782
3.200	0.1589	-0.1543	0.7782
3.210	0.1589	-0.1543	0.7782
3.220	0.1589	-0.1543	0.7782
3.230	0.1589	-0.1543	0.7782
3.240	0.1589	-0.1543	0.7782
3.250	0.1589	-0.1543	0.7782
3.260	0.1589	-0.1543	0.7782
3.270	0.1589	-0.1543	0.7782
3.280	0.1589	-0.1543	0.7782
3.290	0.1589	-0.1543	0.7782
3.300	0.1589	-0.1543	0.7782
3.310	0.1589	-0.1543	0.7782
3.320	0.1589	-0.1543	0.7782
3.330	0.1589	-0.1543	0.7782
3.340	0.1589	-0.1543	0.7782
3.350	0.1589	-0.1543	0.7782
3.360	0.1589	-0.1543	0.7782
3.370	0.1589	-0.1543	0.7782
3.380	0.1589	-0.1543	0.7782
3.390	0.1589	-0.1543	0.7782
3.400	0.1589	-0.1543	0.7782
3.410	0.1589	-0.1543	0.7782
3.420	0.1589	-0.1543	0.7782
3.430	0.1589	-0.1543	0.7782
3.440	0.1589	-0.1543	0.7781
3.450	0.1589	-0.1543	0.7781
3.460	0.1589	-0.1543	0.7781
3.470	0.1589	-0.1543	0.7780
3.480	0.1589	-0.1543	0.7780
3.490	0.1589	-0.1543	0.7780
3.500	0.1589	-0.1543	0.7779
3.510	0.1589	-0.1543	0.7778
3.520	0.1589	-0.1543	0.7778
3.530	0.1589	-0.1543	0.7777
3.540	0.1589	-0.1543	0.7776
3.550	0.1589	-0.1543	0.7776
3.560	0.1589	-0.1543	0.7775
3.570	0.1589	-0.1543	0.7774
3.580	0.1589	-0.1543	0.7773
3.590	0.1589	-0.1543	0.7772
3.600	0.1589	-0.1543	0.7771
3.610	0.1589	-0.1543	0.7770
3.620	0.1589	-0.1543	0.7769
3.630	0.1589	-0.1543	0.7768
3.640	0.1589	-0.1543	0.7767
3.650	0.1589	-0.1543	0.7766
3.660	0.1589	-0.1543	0.7765
3.670	0.1589	-0.1543	0.7764
3.680	0.1589	-0.1543	0.7763
3.690	0.1589	-0.1543	0.7762
3.700	0.1589	-0.1543	0.7761
3.710	0.1589	-0.1543	0.7760
3.720	0.1589	-0.1543	0.7759
3.730	0.1589	-0.1543	0.7758
3.740	0.1589	-0.1543	0.7757
3.750	0.1589	-0.1543	0.7756
3.760	0.1589	-0.1543	0.7755
3.770	0.1589	-0.1543	0.7754
3.780	0.1589	-0.1543	0.7753
3.790	0.1589	-0.1543	0.7752
3.800	0.1589	-0.1543	0.7751
3.810	0.1589	-0.1543	0.7750
3.820	0.1589	-0.1543	0.7749
3.830	0.1589	-0.1543	0.7748
3.840	0.1589	-0.1543	0.7747
3.850	0.1589	-0.1543	0.7746
3.860	0.1589	-0.1543	0.7745
3.870	0.1589	-0.1543	0.7744
3.880	0.1589	-0.1543	0.7743
3.890	0.1589	-0.1543	0.7742
3.900	0.1589	-0.1543	0.7741
3.910	0.1589	-0.1543	0.7740
3.920	0.1589	-0.1543	0.7739
3.930	0.1589	-0.1543	0.7738
3.940	0.1589	-0.1543	0.7737
3.950	0.1589	-0.1543	0.7736
3.960	0.1589	-0.1543	0.7735
3.970	0.1589	-0.1543	0.7734
3.980	0.1589	-0.1543	0.7733
3.990	0.1589	-0.1543	0.7732
4.000	0.1589	-0.1543	0.7731
4.010	0.1589	-0.1543	0.7730
4.020	0.1589	-0.1543	0.7729
4.030	0.1589	-0.1543	0.7728
4.040	0.1589	-0.1543	0.7727
4.050	0.1589	-0.1543	0.7726
4.060	0.1589	-0.1543	0.7725
4.070	0.1589	-0.1543	0.7724
4.080	0.1589	-0.1543	0.7723
4.090	0.1589	-0.1543	0.7722
4.100	0.1589	-0.1543	0.7721
4.110	0.1589	-0.1543	0.7720
4.120	0.1589	-0.1543	0.7719
4.130	0.1589	-0.1543	0.7718
4.140	0.1589	-0.1543	0.7717
4.150	0.1589	-0.1543	0.7716
4.160	0.1589	-0.1543	0.7715
4.170	0.1589	-0.1543	0.7714
4.180	0.1589	-0.1543	0.7713
4.190	0.1589	-0.1543	0.7712
4.200	0.1589	-0.1543	0.7711
4.210	0.1589	-0.1543	0.7710
4.220	0.1589	-0.1543	0.7709
4.230	0.1589	-0.1543	0.7708
4.240	0.1589	-0.1543	0.7707
4.250	0.1589	-0.1543	0.7706
4.260	0.1589	-0.1543	0.7705
4.270	0.1589	-0.1543	0.7704
4.280	0.1589	-0.1543	0.7703
4.290	0.1589	-0.1543	0.7702
4.300	0.1589	-0.1543	0.7701
4.310	0.1589	-0.1543	0.7700
4.320	0.1589	-0.1543	0.7699
4.330	0.1589	-0.1543	0.7698
4.340	0.1589	-0.1543	0.7697
4.350	0.1589	-0.1543	0.7696
4.360	0.1589	-0.1543	0.7695
4.370	0.1589	-0.1543	0.7694
4.380	0.1589	-0.1543	0.7693
4.390	0.1589	-0.1543	0.7692
4.400	0.1589	-0.1543	0.7691
4.410	0.1589	-0.1543	0.7690
4.420	0.1589	-0.1543	0.7689
4.430	0.1589	-0.1543	0.7688
4.440	0.1589	-0.1543	0.7687
4.450	0.1589	-0.1543	0.7686
4.460	0.1589	-0.1543	0.7685
4.470	0.1589	-0.1543	0.7684
4.480	0.1589	-0.1543	0.7683
4.490	0.1589	-0.1543	0.7682
4.500	0.1589	-0.1543	0.7681
4.510	0.1589	-0.1543	0.7680
4.520	0.1589	-0.1543	0.7679
4.530	0.1589	-0.1543	0.7678
4.540	0.1589	-0.1543	0.7677
4.550	0.1589	-0.1543	0.7676
4.560	0.1589	-0.1543	0.7675
4.570	0.1589	-0.1543	0.7674
4.580	0.1589	-0.1543	0.7673
4.590	0.1589	-0.1543	0.7672
4.600	0.1589	-0.1543	0.7671
4.610	0.1589	-0.1543	0.7670
4.620	0.1589	-0.1543	0.7669
4.630	0.1589	-0.1543	0.7668
4.640	0.1589	-0.1543	0.7667
4.650	0.1589	-0.1543	0.7666
4.660	0.1589	-0.1543	0.7665
4.670	0.1589	-0.1543	0.7664
4.680	0.1589	-0.1543	0.7663
4.690	0.1589	-0.1543	0.7662
4.700	0.1589	-0.1543	0.7661
4.710	0.1589	-0.1543	0.7660
4.720	0.1589	-0.1543	0.7659
4.730	0.1589	-0.1543	0.7658
4.740	0.1589	-0.1543	0.7657
4.750	0.1589	-0.1543	0.7656
4.760	0.1589	-0.1543	0.7655
4.770	0.1589	-0.1543	0.7654
4.780	0.1589	-0.1543	0.7653
4.790	0.1589	-0.1543	0.7652
4.800	0.1589	-0.1543	0.7651
4.810	0.1589	-0.1543	0.7650
4.820	0.1589	-0.1543	0.7649
4.830	0.1589	-0.1543	0.7648
4.840	0.1589	-0.1543	0.7647
4.850	0.1589	-0.1543	0.7646
4.860	0.1589	-0.1543	0.7645
4.870	0.1589	-0.1543	0.7644
4.880	0.1589	-0.1543	0.7643
4.890	0.1589	-0.1543	0.7642
4.900	0.1589	-0.1543	0.7641
4.910	0.1589	-0.1543	0.7640
4.920	0.1589	-0.1543	0.7639
4.930	0.1589	-0.1543	0.7638
4.940	0.1589	-0.1543	0.7637
4.950	0.1589	-0.1543	0.7636
4.960	0.1589	-0.1543	0.7635
4.970	0.1589	-0.1543	0.7634
4.980	0.1589	-0.1543	0.7633
4.990	0.1589	-0.1543	0.7632
5.000	0.1589	-0.1543	0.7631
5.010	0.1589	-0.1543	0.7630
5.020	0.1589	-0.1543	0.7629
5.030	0.1589	-0.1543	0.7628
5.040	0.1589	-0.1543	0.7627
5.050	0.1589	-0.1543	0.7626
5.060	0.1589	-0.1543	0.7625
5.070	0.1589	-0.1543	0.7624
5.080	0.1589	-0.1543	0.7623
5.090	0.1589	-0.1543	0.7622
5.100	0.1589	-0.1543	0.7621
5.110	0.1589	-0.1543	0.7620
5.120	0.1589	-0.1543	0.7619
5.130	0.1589	-0.1543	0.7618
5.140	0.1589	-0.1543	0.7617
5.150	0.1589	-0.1543	0.7616
5.160	0.1589	-0.1543	0.7615
5.170	0.1589	-0.1543	0.7614
5.180	0.1589	-0.1543	0.7613
5.190	0.1589	-0.1543	0.7612
5.200	0.1589	-0.1543	0.7611
5.210	0.1589	-0.1543	0.7610
5.220	0.1589	-0.1543	0.7609
5.230	0.1589	-0.1543	0.7608
5.240	0.1589	-0.1543	0.7607
5.250	0.1589	-0.1543	0.7606
5.260	0.1589	-0.1543	0.7605
5.270	0.1589	-0.1543	0.7604
5.280	0.1589	-0.1543	0.7603
5.290	0.1589	-0.1543	0.7602
5.300	0.1589	-0.1543	0.7601
5.310	0.1589	-0.1543	0.7600
5.320	0.1589	-0.1543	0.7599
5.330	0.1589	-0.1543	0.7598
5.340	0.1589	-0.1543	0.7597
5.350	0.1589	-0.1543	0.7596
5.360	0.1589	-0.1543	0.7595
5.370	0.1589	-0.1543	0.7594
5.380	0.1589	-0.1543	0.7593
5.390	0.1589	-0.1543	0.7592
5.400	0.1589	-0.1543	0.7591
5.410	0.1589	-0.1543	0.7590
5.420	0.1589	-0.1543	0.7589
5.430	0.1589	-0.1543	0.7588
5.440	0.1589	-0.1543	0.7587
5.450	0.1589	-0.1543	0.7586
5.460	0.1589	-0.1543	0.7585
5.470	0.1589	-0.1543	0.7584
5.480	0.1589	-0.1543	0.7583
5.490	0.1589	-0.1543	0.7582
5.500	0.1589	-0.1543	0.7581
5.510	0.1589	-0.1543	0.7580
5.520	0.1589	-0.1543	0.7579
5.530	0.1589	-0.1543	0.7578
5.540	0.1589	-0.1543	0.7577
5.550	0.1589	-0.1543	0.7576
5.560	0.1589	-0.1543	0.7575
5.570	0.1589	-0.1543	0.7574
5.580	0.1589	-0.1543	0.7573
5.590	0.1589	-0.1543	0.7572
5.600	0.1589	-0.1543	0.7571
5.610	0.1589	-0.1543	0.7570
5.620	0.1589	-0.1543	0.7569
5.630	0.1589	-0.1543	0.7568
5.640	0.1589	-0.1543	0.7567
5.650	0.1589	-0.1543	0.7566
5.660	0.1589	-0.1543	0.7565
5.670	0.1589	-0.1543	0.7564
5.680	0.1589	-0.1543	0.7563
5.690	0.1589	-0.1543	0.7562
5.700	0.1589	-0.1543	0.7561
5.710	0.1589	-0.1543	0.7560
5.720	0.1589	-0.1543	0.7559
5.730	0.1589	-0.1543	0.7558
5.740	0.1589	-0.1543	0.7557
5.750	0.1589	-0.1543	0.7556
5.760	0.1589	-0.1543	0.7555
5.770	0.1589	-0.1543	0.7554
5.780	0.1589	-0.1543	0.7553
5.790	0.1589	-0.1543	0.7552
5.800	0.1589	-0.1543	0.7551
5.810	0.1589	-0.1543	0.7550
5.820	0.1589	-0.1543	0.7549
5.830	0.1589	-0.1543	0.7548
5.840	0.1589	-0.1543	0.7547
5.850	0.1589	-0.1543	0.7546
5.860	0.1589	-0.1543	0.7545
5.870	0.1589	-0.1543	0.7544
5.880	0.1589	-0.1543	0.7543
5.890	0.1589	-0.1543	0.7542
5.900	0.1589	-0.1543	0.7541
5.910	0.1589	-0.1543	0.7540
5.920	0.1589	-0.1543	0.7539
5.930	0.1589	-0.1543	0.7538
5.940	0.1589	-0.1543	0.7537
5.950	0.1589	-0.1543	0.7536
5.960	0.1589	-0.1543	0.7535
5.970	0.1589	-0.1543	0.7534
5.980	0.1589	-0.1543	0.7533
5.990	0.1589	-0.1543	0.7532
6.000	0.1589	-0.1543	0.7531
6.010	0.1589	-0.1543	0.7530
6.020	0.1589	-0.1543	0.7529
6.030	0.1589	-0.1543	0.7528
6.040	0.1589	-0.1543	0.7527
6.050	0.1589	-0.1543	0.7526
6.060	0.1589	-0.1543	0.7525
6.070	0.1589	-0.1543	0.7524
6.080	0.1589	-0.1543	0.7523
6.090	0.1589	-0.1543	0.7522
6.100	0.1589	-0.1543	0.7521
6.110	0.1589	-0.1543	0.7520
6.120	0.1589	-0.1543	0.7519
6.130	0.1589	-0.1543	0.7518
6.140	0.1589	-0.1543	0.7517
6.150	0.1589	-0.1543	0.7516
6.160	0.1589	-0.1543	0.7515
6.170	0.1589	-0.1543	0.7514
6.180	0.1589	-0.1543	0.7513
6.190	0.1589	-0.1543	0.7512
6.200	0.1589	-0.1543	0.7511
6.210	0.1589	-0.1543	0.7510
6.220	0.1589	-0.1543	0.7509
6.230	0.1589	-0.1543	0.7508
6.240	0.1589	-0.1543	0.7507
6.250	0.1589	-0.1543	0.7506
6.260	0.1589	-0.1543	0.7505
6.270	0.1589	-0.1543	0.7504
6.280	0.1589	-0.1543	0.7503
6.290	0.1589	-0.1543	0.7502
6.300	0.1589	-0.1543	0.7501
6.310	0.1589	-0.1543	0.7500
6.320	0.1589	-0.1543	0.7499
6.330	0.1589	-0.1543	0.7498
6.340	0.1589	-0.1543	0.7497
6.350	0.1589	-0.1543	0.7496
6.360	0.1589	-0.1543	0.7495
6.370	0.1589	-0.1543	0.7494
6.380	0.1589	-0.1543	0.7493
6.390	0.1589	-0.1543	0.7492
6.400	0.1589	-0.1543	0.7491
6.410	0.1589	-0.1543	0.7490
6.420	0.1589	-0.1543	0.7489
6.430	0.1589	-0.1543	0.7488
6.440	0.1589	-0.1543	0.7487
6.450	0.1589	-0.1543	0.7486
6.460	0.1589	-0.1543	0.7485
6.470	0.1589	-0.1543	0.7484
6.480	0.1589	-0.1543	0.7483
6.490	0.1589	-0.1543	0.7482
6.500	0.1589	-0.1543	0.7481
6.510	0.1589	-0.1543	0.7480
6.520	0.1589	-0.1543	0.7479
6.530	0.1589	-0.1543	0.7478
6.540	0.1589	-0.1543	0.7477
6.550	0.1589	-0.1543	0.7476
6.560	0.1589	-0.1543	0.7475
6.570	0.1589	-0.1543	0.7474
6.580	0.1589	-0.1543	0.7473
6.590	0.1589	-0.1543	0.7472
6.600	0.1589	-0.1543	0.7471
6.610	0.1589	-0.1543	0.7470
6.620	0.1589	-0.1543	0.7469
6.630	0.1589	-0.1543	0.7468
6.640	0.1589	-0.1543	0.7467
6.650	0.1589	-0.1543	0.7466
6.660	0.1589	-0.1543	0.7465
6.670	0.1589	-0.1543	0.7464
6.680	0.1589	-0.1543	0.7463
6.690	0.1589	-0.1543	0.7462
6.700	0.1589	-0.1543	0.7461
6.710	0.1589	-0.1543	0.7460
6.720	0.1589	-0.1543	0.7459
6.730	0.1589	-0.1543	0.7458
6.740	0.1589	-0.1543	0.7457
6.750	0.1589	-0.1543	0.7456
6.760	0.1589	-0.1543	0.7455
6.770	0.1589	-0.1543	0.7454
6.780	0.1589	-0.1543	0.7453
6.790	0.1589	-0.1543	0.7452
6.800	0.1589	-0.1543	0.7451
6.810	0.1589	-0.1543	0.7450
6.820	0.1589	-0.1543	0.7449
6.830	0.1589	-0.1543	0.7448
6.840	0.1589	-0.1543	0.7447
6.850	0.1589	-0.1543	0.7446
6.860	0.1589	-0.1543	0.7445
6.870	0.1589	-0.1543	0.7444
6.880	0.1589	-0.1543	0.7443
6.890	0.1589	-0.1543	0.7442
6.900	0.1589	-0.1543	0.7441
6.910	0.1589	-0.1543	0.7440
6.920	0.1589	-0.1543	0.7439
6.930	0.1589	-0.1543	0.7438
6.940	0.1589	-0.1543	0.7437
6.950	0.1589	-0.1543	0.7436
6.960	0.1589	-0.1543	0.7435
6.970	0.1589	-0.1543	0.7434
6.980	0.1589	-0.1543	0.7433
6.990	0.1589	-0.1543	0.7432
7.000	0.1589	-0.1543	0.7431
7.010	0.1589	-0.1543	0.7430
7.020	0.1589	-0.1543	0.7429
7.030	0.1589	-0.1543	0.7428
7.040	0.1589	-0.1543	0.7427
7.050	0.1589	-0.1543	0.7426
7.060	0.1589	-0.1543	0.7425
7.070	0.1589	-0.1543	0.7424
7.080	0.1589	-0.1543	0.7423
7.090	0.1589	-0.1543	0.7422
7.100	0.1589	-0.1543	0.7421
7.110	0.1589	-0.1543	0.7420
7.120	0.1589	-0.1543	0.7419
7.130	0.1589	-0.1543	0.7418
7.140	0.1589	-0.1543	0.7417
7.150	0.1589	-0.1543	0.7416
7.160	0.1589	-0.1543	0.7415
7.170	0.1589	-0.1543	0.7414
7.180	0.1589	-0.1543	0.7413
7.190	0.1589	-0.1543	0.7412
7.200	0.1589	-0.1543	0.7411
7.210	0.1589	-0.1543	0.7410
7.220	0.1589	-0.1543	0.7409
7.230	0.1589	-0.1543	0.7408
7.240	0.1589	-0.1543	0.7407
7.250	0.1589	-0.1543	0.7406
7.260	0.1589	-0.1543	0.7405
7.270	0.1589	-0.1543	0.7404
7.280	0.1589	-0.1543	0.7403
7.290	0.1589	-0.1543	0.7402
7.300	0.1589	-0.1543	0.7401
7.310	0.1589	-0.1543	0.7400
7.320	0.1589	-0.1543	0.7399
7.330	0.1589	-0.1543	0.7398
7.340	0.1589	-0.1543	0.7397
7.350	0.1589	-0.1543	0.7396
7.360	0.1589	-0.1543	0.7395
7.370	0.1589	-0.1543	0.7394
7.380	0.1589	-0.1543	0.7393
7.390	0.1589	-0.1543	0.7392
7.400	0.1589	-0.1543	0.7391
7.410	0.1589	-0.1543	0.7390
7.420	0.1589	-0.1543	0.7389
7.430	0.1589	-0.1543	0.7388
7.440	0.1589	-0.1543	0.7387
7.450	0.1589	-0.1543	0.7386
7.460	0.1589	-0.1543	0.7385
7.470	0.1589	-0.1543	0.7384
7.480	0.1589	-0.1543	0.7383
7.490	0.1589	-0.1543	0.7382
7.500	0.1589	-0.1543	0.7381
7.510	0.1589	-0.1543	0.7380
7.520	0.1589	-0.1543	0.7379
7.530	0.1589	-0.1543	0.7378
7.540	0.1589	-0.1543	0.7377
7.550	0.1589	-0.1543	0.7376
7.560	0.1589	-0.1543	0.7375
7.570	0.1589	-0.1543	0.7374
7.580	0.1589	-0.1543	0.7373
7.590	0.1589	-0.1543	0.7372
7.600	0.1589	-0.1543	0.7371
7.610	0.1589	-0.1543	0.7370
7.620	0.1589	-0.1543	0.7369
7.630	0.1589	-0.1543	0.7368
7.640	0.1589	-0.1543	0.7367
7.650	0.1589	-0.1543	0.7366
7.660	0.1589	-0.1543	0.7365
7.670	0.1589	-0.1543	0.7364
7.680	0.1589	-0.1543	0.7363
7.690	0.1589	-0.1543	0.7362
7.700	0.1589	-0.1543	0.7361
7.710	0.1589	-0.1543	0.7360
7.720	0.1589	-0.1543	0.7359
7.730	0.1589	-0.1543	0.7358
7.740	0.1589	-0.1543	0.7357
7.750	0.1589	-0.1543	0.7356
7.760	0.1589	-0.1543	0.7355
7.770	0.1589	-0.1543	0.7354
7.780	0.1589	-0.1543	0.7353
7.790	0.1589	-0.1543	0.7352
7.800	0.1589	-0.1543	0.7351
7.810	0.1589	-0.1543	0.7350
7.820	0.1589	-0.1543	0.7349
7.830	0.1589	-0.1543	0.7348
7.840	0.1589	-0.1543	0.7347
7.850	0.1589	-0.1543	0.7346
7.860	0.1589	-0.1543	0.7345
7.870	0.1589	-0.1543	0.7344
7.880	0.1589	-0.1543	0.7343
7.890	0.1589	-0.1543	0.7342
7.900	0.1589	-0.1543	0.7341
7.910	0.1589	-0.1543	0.7340
7.920	0.1589	-0.1543	0.7339
7.930	0.1589	-0.1543	0.7338
7.940	0.1589	-0.1543	0.7337
7.950	0.1589	-0.1543	0.7336
7.960	0.1589	-0.1543	0.7335
7.970	0.1589	-0.1543	0.7334
7.980	0.1589	-0.1543	0.7333
7.990	0.1589	-0.1543	0.7332
8.000	0.1589	-0.1543	0.7331
8.010	0.1589	-0.1543	0.7330
8.020	0.1589	-0.1543	0.7329
8.030	0.1589	-0.1543	0.7328
8.040	0.1589	-0.1543	0.7327
8.050	0.1589	-0.1543	0.7326
8.060	0.1589	-0.1543	0.7325
8.070	0.1589	-0.1543	0.7324
8.080	0.1589	-0.1543	0.7323
8.090	0.1589	-0.1543	0.7322
8.100	0.1589	-0.1543	0.7321
8.110	0.1589	-0.1543	0.7320
8.120	0.1589	-0.1543	0.7319
8.130	0.1589	-0.1543	0.7318
8.140	0.1589	-0.1543	0.7317
8.150	0.1589	-0.1543	0.7316
8.160	0.1589	-0.1543	0.7315
8.170	0.1589	-0.1543	0.7314
8.180	0.1589	-0.1543	0.7313
8.190	0.1589	-0.1543	0.7312
8.200	0.1589	-0.1543	0.7311
8.210	0.1589	-0.1543	0.7310
8.220	0.1589	-0.1543	0.7309
8.230	0.1589	-0.1543	0.7308
8.240	0.1589	-0.1543	0.7307
8.250	0.1589	-0.1543	0.7306
8.260	0.1589	-0.1543	0.7305
8.270	0.1589	-0.1543	0.7304
8.280	0.1589	-0.1543	0.7303
8.290	0.1589	-0.1543	0.7302
8.300	0.1589	-0.1543	0.7301
8.310	0.1589	-0.1543	0.7300
8.320	0.1589	-0.1543	0.7299
8.330	0.1589	-0.1543	0.7298
8.340	0.1589	-0.1543	0.7297
8.350	0.1589	-0.1543	0.7296
8.360	0.1589	-0.1543	0.7295
8.370	0.1589	-0.1543	0.7294
8.380	0.1589	-0.1543	0.7293
8.390	0.1589	-0.1543	0.7292
8.400	0.1589	-0.1543	0.7291
8.410	0.1589	-0.1543	0.7290
8.420	0.1589	-0.1543	0.7289
8.430	0.1589	-0.1543	0.7288
8.440	0.1589	-0.1543	0.7287
8.450	0.1589	-0.1543	0.7286
8.460	0.1589	-0.1543	0.7285
8.470	0.1589	-0.1543	0.7284
8.480	0.1589	-0.1543	0.7283
8.490	0.1589	-0.1543	0.7282
8.500	0.1589	-0.1543	0.7281
8.510	0.1589	-0.1543	0.7280
8.520	0.1589	-0.1543	0.7279
8.530	0.1589	-0.1543	0.7278
8.540	0.1589	-0.1543	0.7277
8.550	0.1589	-0.1543	0.7276
8.560	0.1589	-0.1543	0.7275
8.570	0.1589	-0.1543	0.7274
8.580	0.1589	-0.1543	0.7273
8.590	0.1589	-0.1543	0.7272
8.600	0.1589	-0.1543	0.7271
8.610	0.1589	-0.1543	0.7270
8.620	0.1589	-0.1543	0.7269
8.630	0.1589	-0.1543	0.7268
8.640	0.1589	-0.1543	0.7267
8.650	0.1589	-0.1543	0.7266
8.660	0.1589	-0.1543	0.7265
8.670	0.1589	-0.1543	0.7264
8.680	0.1589	-0.1543	0.7263
8.690	0.1589	-0.1543	0.7262
8.700	0.1589	-0.1543	0.7261
8.710	0.1589	-0.1543	0.7260
8.720	0.1589	-0.1543	0.7259
8.730	0.1589	-0.1543	0.7258
8.740	0.1589	-0.1543	0.7257
8.750	0.1589	-0.1543	0.7256
8.760	0.1589	-0.1543	0.7255
8.770	0.1589	-0.1543	0.7254
8.780	0.1589	-0.1543	0.7253
8.790	0.1589	-0.1543	0.7252
8.800	0.1589	-0.1543	0.7251
8.810	0.1589	-0.1543	0.7250
8.820	0.1589	-0.1543	0.7249
8.830	0.1589	-0.1543	0.7248
8.840	0.1589	-0.1543	0.7247
8.850	0.1589	-0.1543	0.7246
8.860	0.1589	-0.1543	0.7245
8.870	0.1589	-0.1543	0.7244
8.880	0.1589	-0.1543	0.7243
8.890	0.1589	-0.1543	0.7242
8.900	0.1589	-0.1543	0.7241
8.910	0.1589	-0.1543	0.7240
8.920	0.1589	-0.1543	0.7239
8.930	0.1589	-0.1543	0.7238
8.940	0.1589	-0.1543	0.7237
8.950	0.1589	-0.1543	0.7236
8.960	0.1589	-0.1543	0.7235
8.970	0.1589	-0.1543	0.7234
8.980	0.1589	-0.1543	0.7233
8.990	0.1589	-0.1543	0.7232
9.000	0.1589	-0.1543	0.7231
9.010	0.1589	-0.1543	0.7230
9.020	0.1589	-0.1543	0.7229
9.030	0.1589	-0.1543	0.7228
9.040	0.1589	-0.1543	0.7227
9.050	0.1589	-0.1543	0.7226
9.060	0.1589	-0.1543	0.7225
9.070	0.1589	-0.1543	0.7224
9.080	0.1589	-0.1543	0.7223
9.090	0.1589	-0.1543	0.7222
9.100	0.1589	-0.1543	0.7221
9.110	0.1589	-0.1543	0.7220
9.120	0.1589	-0.1543	0.7219
9.130	0.1589	-0.1543	0.7218
9.140	0.1589	-0.1543	0.7217
9.150	0.1589	-0.1543	0.7216
9.160	0.1589	-0.1543	0.7215
9.170	0.1589	-0.1543	0.7214
9.180	0.1589	-0.1543	0.7213
9.190	0.1589	-0.1543	0.7212
9.200	0.1589	-0.1543	0.7211
9.210	0.1589	-0.1543	0.7210
9.220	0.1589	-0.1543	0.7209
9.230	0.1589	-0.1543	0.7208
9.240	0.1589	-0.1543	0.7207
9.250	0.1589	-0.1543	0.7206
9.260	0.1589	-0.1543	0.7205
9.270	0.1589	-0.1543	0.7204
9.280	0.1589	-0.1543	0.7203
9.290	0.1589	-0.1543	0.7202
9.300	0.1589	-0.1543	0.7201
9.310	0.1589	-0.1543	0.7200
9.320	0.1589	-0.1543	0.7199
9.330	0.1589	-0.1543	0.7198
9.340	0.1589	-0.1543	0.7197
9.350	0.1589	-0.1543	0.7196
9.360	0.1589	-0.1543	0.7195
9.370	0.1589	-0.1543	0.7194
9.380	0.1589	-0.1543	0.7193
9.390	0.1589	-0.1543	0.7192
9.400	0.1589	-0.1543	0.7191
9.410	0.1589	-0.1543	0.7190
9.420	0.1589	-0.1543	0.7189
9.430	0.1589	-0.1543	0.7188
9.440	0.1589	-0.1543	0.7187
9.450	0.1589	-0.1543	0.7186
9.460	0.1589	-0.1543	0.7185
9.470	0.1589	-0.1543	0.7184
9.480	0.1589	-0.1543	0.7183
9.490	0.1589	-0.1543	0.7182
9.500	0.1589	-0.1543	0.7181
9.510	0.1589	-0.1543	0.7180
9.520	0.1589	-0.1543	0.7179
9.530	0.1589	-0.1543	0.7178
9.540	0.1589	-0.1543	0.7177
9.550	0.1589	-0.1543	0.7176
9.560	0.1589	-0.1543	0.7175
9.570	0.1589	-0.1543	0.7174
9.580	0.1589	-0.1543	0.7173
9.590	0.1589	-0.1543	0.7172
9.600	0.1589	-0.1543	0.7171
9.610	0.1589	-0.1543	0.7170
9.620	0.1589	-0.1543	0.7169
9.630	0.1589	-0.1543	0.7168
9.640	0.1589	-0.1543	0.7167
9.650	0.1589	-0.1543	0.7166
9.660	0.1589	-0.1543	0.7165
9.670	0.1589	-0.1543	0.7164
9.680	0.1589	-0.1543	0.7163
9.690	0.1589	-0.1543	0.7162
9.700	0.1589	-0.1543	0.7161
9.710	0.1589	-0.1543	0.7160
9.720	0.1589	-0.1543	0.7159
9.730	0.1589	-0.1543	0.7158
9.740	0.1589	-0.1543	0.7157
9.750	0.1589	-0.1543	0.7156
9.760	0.1589	-0.1543	0.7155
9.770	0.1589	-0.1543	0.7154
9.780	0.1589	-0.1543	0.7153
9.790	0.1589	-0.1543	0.7152
9.800	0.1589	-0.1543	0.7151
9.810	0.1589	-0.1543	0.7150
9.820	0.1589	-0.1543	0.7149
9.830	0.1589	-0.1543	0.7148
9.840	0.1589	-0.1543	0.7147
9.850	0.1589	-0.1543	0.7146
9.860	0.1589	-0.1543	0.7145
9.870	0.1589	-0.1543	0.7144
9.880	0.1589	-0.1543	0.7143
9.890	0.1589	-0.1543	0.7142
9.900	0.1589	-0.1543	0.7141
9.910	0.1589	-0.1543	0.7140
9.920	0.1589	-0.1543	0.7139
9.930	0.1589	-0.1543	0.7138
9.940	0.1589	-0.1543	0.7137
9.950	0.1589	-0.1543	0.7136
9.960	0.1589	-0.1543	0.7135
9.970	0.1589	-0.1543	0.7134
9.980	0.1589	-0.1543	0.7133
9.990	0.1589	-0.1543	0.7132
10.000	0.1589	-0.1543	0.7131
10.010	0.1589	-0.1543	0.7130
10.020	0.1589	-0.1543	0.7129
10.030	0.1589	-0.1543	0.7128
10.040	0.1589	-0.1543	0.7127
10.050	0.1589	-0.1543	0.7126
10.060	0.1589	-0.1543	0.7125
10.070	0.1589	-0.1543	0.7124
10.080	0.1589	-0.1543	0.7123
10.090	0.1589	-0.1543	0.7122
10.100	0.1589	-0.1543	0.7121
10.110	0.1589	-0.1543	0.7120
10.120	0.1589	-0.1543	0.7119
10.130	0.1589	-0.1543	0.7118
10.140	0.1589	-0.1543	0.7117
10.150	0.1589	-0.1543	0.7116
10.160	0.1589	-0.1543	0.7115
10.170	0.1589	-0.1543	0.7114
10.180	0.1589	-0.1543	0.7113
10.190	0.1589	-0.1543	0.7112
10.200	0.1589	-0.1543	0.7111
10.210	0.1589	-0.1543	0.7110
10.220	0.1589	-0.1543	0.7109
10.230	0.1589	-0.1543	0.7108
10.240	0.1589	-0.1543	0.7107
10.250	0.1589	-0.1543	0.7106
10.260	0.1589	-0.1543	0.7105
10.270	0.1589	-0.1543	0.7104
10.280	0.1589	-0.1543	0.7103
10.290	0.1589	-0.1543	0.7102
10.300	0.1589	-0.1543	0.7101
10.310	0.1589	-0.1543	0.7100
10.320	0.1589	-0.1543	0.7099
10.330	0.1589	-0.1543	0.7098
10.340	0.1589	-0.1543	0.7097
10.350	0.1589	-0.1543	0.7096
10.360	0.1589	-0.1543	0.7095
10.370	0.1589	-0.1543	0.7094
10.380	0.1589	-0.1543	0.7093
10.390	0.1589	-0.1543	0.7092
10.400	0.1589	-0.1543	0.7091
10.410	0.1589	-0.1543	0.7090
10.420	0.1589	-0.1543	0.7089
10.430	0.1589	-0.1543	0.7088
10.440	0.1589	-0.1543	0.7087
10.450	0.1589	-0.1543	0.7086
10.460	0.1589	-0.1543	0.7085
10.470	0.1589	-0.1543	0.7084
10.480	0.1589	-0.1543	0.7083
10.490	0.1589	-0.1543	0.7082
10.500	0.1589	-0.1543	0.7081
10.510	0.1589	-0.1543	0.7080
10.520	0.1589	-0.1543	0.7079
10.530	0.1589	-0.1543	0.7078
10.540	0.1589	-0.1543	0.7077
10.550	0.1589	-0.1543	0.7076
10.560	0.1589	-0.1543	0.7075
10.570	0.1589	-0.1543	0.7074
10.580	0.1589	-0.1543	0.7073
10.590	0.1589	-0.1543	0.7072
10.600	0.1589	-0.1543	0.7071
10.610	0.1589	-0.1543	0.7070
10.620	0.1589	-0.1543	0.7069
10.630	0.1589	-0.1543	0.7068
10.640	0.1589	-0.1543	0.7067
10.650	0.1589	-0.1543	0.7066
10.660	0.1589	-0.1543	0.7065
10.670	0.1589	-0.1543	0.7064
10.680	0.1589	-0.1543	0.7063
10.690	0.1589	-0.1543	0.7062
10.700	0.1589	-0.1543	0.7061
10.710	0.1589	-0.1543	0.7060
10.720	0.1589	-0.1543	0.7059
10.730	0.1589	-0.1543	0.7058
10.740	0.1589	-0.1543	0.7057
10.750	0.1589	-0.1543	0.7056
10.760	0.1589	-0.1543	0.7055
10.770	0.1589	-0.1543	0.7054
10.780	0.1589	-0.1543	0.7053
10.790	0.1589	-0.1543	0.7052
10.800	0.1589	-0.1543	0.7051
10.810	0.1589	-0.1543	0.7050
10.820	0.1589	-0.1543	0.7049
10.830	0.1589	-0.1543	0.7048
10.840	0.1589	-0.1543	0.7047
10.850	0.1589	-0.1543	0.7046
10.860	0.1589	-0.1543	0.7045
10.870	0.1589	-0.1543	0.7044
10.880	0.1589	-0.1543	0.7043
10.890	0.1589	-0.1543	0.7042
10.900	0.1589	-0.1543	0.7041
10.910	0.1589	-0.1543	0.7040
10.920	0.1589	-0.1543	0.7039
10.930	0.1589	-0.1543	0.7038
10.940	0.1589	-0.1543	0.7037
10.950	0.1589	-0.1543	0.7036
10.960	0.1589	-0.1543	0.7035
10.970	0.1589	-0.1543	0.7034
10.980	0.1589	-0.1543	0.7033
10.990	0.1589	-0.1543	0.7032
11.000	0.1589	-0.1543	0.7031
11.010	0.1589	-0.1543	0.7030
11.020	0.1589	-0.1543	0.7029
11.030	0.1589	-0.1543	0.7028
11.040	0.1589	-0.1543	0.7027
11.050	0.1589	-0.1543	0.7026
11.060	0.1589	-0.1543	0.7025
11.070	0.1589	-0.1543	0.7024
11.080	0.1589	-0.1543	0.7023
11.090	0.1589	-0.1543	0.7022
11.100	0.1589	-0.1543	0.7021
11.110	0.1589	-0.1543	0.7020
11.120	0.1589	-0.1543	0.7019
11.130	0.1589	-0.1543	0.7018
11.140	0.1589	-0.1543	0.7017
11.150	0.1589	-0.1543	0.7016
11.160	0.1589	-0.1543	0.7015
11.170	0.1589	-0.1543	0.7014
11.180	0.1589	-0.1543	0.7013
11.190	0.1589	-0.1543	0.7012
11.200	0.1589	-0.1543	0.7011
11.210	0.1589	-0.1543	0.7010
11.220	0.1589	-0.1543	0.7009
11.230	0.1589	-0.1543	0.7008
11.240	0.1589	-0.1543	0.7007
11.250	0.1589	-0.1543	0.7006
11.260	0.1589	-0.1543	0.7005
11.270	0.1589	-0.1543	0.7004
11.280	0.1589	-0.1543	0.7003
11.290	0.1589	-0.1543	0.7002
11.300	0.1589	-0.1543	0.7001
11.310	0.1589	-0.1543	0.7000
11.320	0.1589	-0.1543	0.6999
11.330	0.1589	-0.1543	0.6998
11.340	0.1589	-0.1543	0.6997
11.350	0.1589	-0.1543	0.6996
11.360	0.1589	-0.1543	0.6995
11.370	0.1589	-0.1543	0.6994
11.380	0.1589	-0.1543	0.6993
11.390	0.1589	-0.1543	0.6992
11.400	0.1589	-0.1543	0.6991
11.410	0.1589	-0.1543	0.6990
11.420	0.1589	-0.1543	0.6989
11.430	0.1589	-0.1543	0.6988
11.440	0.1589	-0.1543	0.6987
11.450	0.1589	-0.1543	0.6986
11.460	0.1589	-0.1543	0.6985
11.470	0.1589	-0.1543	0.6984
11.480	0.1589	-0.1543	0.6983
11.490	0.1589	-0.1543	0.6982
11.500	0.1589	-0.1543	0.6981
11.510	0.1589	-0.1543	0.6980
11.520	0.1589	-0.1543	0.6979
11.530	0.1589	-0.1543	0.6978
11.540	0.1589	-0.1543	0.6977
11.550	0.1589	-0.1543	0.6976
11.560	0.1589	-0.1543	0.6975
11.570	0.1589	-0.1543	0.6974
11.580	0.1589	-0.1543	0.6973
11.590	0.1589	-0.1543	0.6972
11.600	0.1589	-0.1543	0.6971
11.610	0.1589	-0.1543	0.6970
11.620	0.1589	-0.1543	0.6969
11.630	0.1589	-0.1543	0.6968
11.640	0.1589	-0.1543	0.6967
11.650	0.1589	-0.1543	0.6966
11.660	0.1589	-0.1543	0.6965
11.670	0.1589	-0.1543	0.6964
11.680	0.1589	-0.1543	0.6963
11.690	0.1589	-0.1543	0.6962
11.700	0.1589	-0.1543	0.6961
11.710	0.1589	-0.1543	0.6960
11.720	0.1589	-0.1543	0.6959
11.730	0.1589	-0.1543	0.6958
11.740	0.1589	-0.1543	0.6957
11.750	0.1589	-0.1543	0.6956
11.760	0.1589	-0.1543	0.6955
11.770	0.1589	-0.1543	0.6954
11.780	0.1589	-0.1543	0.6953
11.790	0.1589	-0.1543	0.6952
11.800	0.1589	-0.1543	0.6951
11.810	0.1589	-0.1543	0.6950
11.820	0.1589	-0.1543	0.6949
11.830	0.1589	-0.1543	0.6948
11.840	0.1589	-0.1543	0.6947
11.850	0.1589	-0.1543	0.6946
11.860	0.1589	-0.1543	0.6945
11.870	0.1589	-0.1543	0.6944
11.880	0.1589	-0.1543	0.6943
11.890	0.1589	-0.1543	0.6942
11.900	0.1589	-0.1543	0.6941
11.910	0.1589	-0.1543	0.6940
11.920	0.1589	-0.1543	0.6939
11.930	0.1589	-0.1543	0.6938
11.940	0.1589	-0.1543	0.6937
11.950	0.1589	-0.1543	0.6936
11.960	0.1589	-0.1543	0.6935
11.970	0.1589	-0.1543	0.6934
11.980	0.1589	-0.1543	0.6933
11.990	0.1589	-0.1543	0.6932
12.000	0.1589	-0.1543	0.6931
12.010	0.1589	-0.1543	0.6930
12.020	0.1589	-0.1543	0.6929
12.030	0.1589	-0.1543	0.6928
12.040	0.1589	-0.1543	0.6927
12.050	0.1589	-0.1543	0.6926
12.060	0.1589	-0.1543	0.6925
12.070	0.1589	-0.1543	0.6924
12.080	0.1589	-0.1543	0.6923
12.090	0.1589	-0.1543	0.6922
12.100	0.1589	-0.1543	0.6921
12.110	0.1589	-0.1543	0.6920
12.120	0.1589	-0.1543	0.6919
12.130	0.1589	-0.1543	0.6918
12.140	0.1589	-0.1543	0.6917
12.150	0.1589	-0.1543	0.6916
12.160	0.1589	-0.1543	0.6915
12.170	0.1589	-0.1543	0.6914
12.180	0.1589	-0.1543	0.6913
12.190	0.1589	-0.1543	0.6912
12.200	0.1589	-0.1543	0.6911
12.210	0.1589	-0.1543	0.6910
12.220	0.1589	-0.1543	0.6909
12.230	0.1589	-0.1543	0.6908
12.240	0.1589	-0.1543	0.6907
12.250	0.1589	-0.1543	0.6906
12.260	0.1589	-0.1543	0.6905
12.270	0.1589	-0.1543	0.6904
12.280	0.1589	-0.1543	0.6903
12.290	0.1589	-0.1543	0.6902
12.300	0.1589	-0.1543	0.6901
12.310	0.1589	-0.1543	0.6900
12.320	0.1589	-0.1543	0.6899
12.330	0.1589	-0.1543	0.6898
12.340	0.1589	-0.1543	0.6897
12.350	0.1589	-0.1543	0.6896
12.360	0.1589	-0.1543	0.6895
12.370	0.1589	-0.1543	0.6894
12.380	0.1589	-0.1543	0.6893
12.390	0.1589	-0.1543	0.6892
12.400	0.1589	-0.1543	0.6891
12.410	0.1589	-0.1543	0.6890
12.420	0.1589	-0.1543	0.6889
12.430	0.1589	-0.1543	0.6888
12.440	0.1589	-0.1543	0.6887
12.450	0.1589	-0.1543	0.6886
12.460	0.1589	-0.1543	0.6885
12.470	0.1589	-0.1543	0.6884
12.480	0.1589	-0.1543	0.6883
12.490	0.1589	-0.1543	0.6882
12.500	0.1589	-0.1543	0.6881
12.510	0.1589	-0.1543	0.6880
12.520	0.1589	-0.1543	0.6879
12.530	0.1589	-0.1543	0.6878
12.540	0.1589	-0.1543	0.6877
12.550	0.1589	-0.1543	0.6876
12.560	0.1589	-0.1543	0.6875
12.570	0.1589	-0.1543	0.6874
12.580	0.1589	-0.1543	0.6873
12.590	0.1589	-0.1543	0.6872
12.600	0.1589	-0.1543	0.6871
12.610	0.1589	-0.1543	0.6870
12.620	0.1589	-0.1543	0.6869
12.630	0.1589	-0.1543	0.6868
12.640	0.1589	-0.1543	0.6867
12.650	0.1589	-0.1543	0.6866
12.660	0.1589	-0.1543	0.6865
12.670	0.1589	-0.1543	0.6864
12.680	0.1589	-0.1543	0.6863
12.690	0.1589	-0.1543	0.6862
12.700	0.1589	-0.1543	0.6861
12.710	0.1589	-0.1543	0.6860
12.720	0.1589	-0.1543	0.6859
12.730	0.1589	-0.1543	0.6858
12.740	0.1589	-0.1543	0.6857
12.750	0.1589	-0.1543	0.6856
12.760	0.1589	-0.1543	0.6855
12.770	0.1589	-0.1543	0.6854
12.780	0.1589	-0.1543	0.6853
12.790	0.1589	-0.1543	0.6852
12.800	0.1589	-0.1543	0.6851
12.810	0.1589	-0.1543	0.6850
12.820	0.1589	-0.1543	0.6849
12.830	0.1589	-0.1543	0.6848
12.840	0.1589	-0.1543	0.6847
12.850	0.1589	-0.1543	0.6846
12.860	0.1589	-0.1543	0.6845
12.870	0.1589	-0.1543	0.6844
12.880	0.1589	-0.1543	0.6843
12.890	0.1589	-0.1543	0.6842
12.900	0.1589	-0.1543	0.6841
12.910	0.1589	-0.1543	0.6840
12.920	0.1589	-0.1543	0.6839
12.930	0.1589	-0.1543	0.6838
12.940	0.1589	-0.1543	0.6837
12.950	0.1589	-0.1543	0.6836
12.960	0.1589	-0.1543	0.6835
12.970	0.1589	-0.1543	0.6834
12.980	0.1589	-0.1543	0.6833
12.990	0.1589	-0.1543	0.6832
13.000	0.1589	-0.1543	0.6831
13.010	0.1589	-0.1543	0.6830
13.020	0.1589	-0.1543	0.6829
13.030	0.1589	-0.1543	0.6828
13.040	0.1589	-0.1543	0.6827
13.050	0.1589	-0.1543	0.6826
13.060	0.1589	-0.1543	0.6825
13.070	0.1589	-0.1543	0.6824
13.080	0.1589	-0.1543	0.6823
13.090	0.1589	-0.1543	0.6822
13.100	0.1589	-0.1543	0.6821
13.110	0.1589	-0.1543	0.6820
13.120	0.1589	-0.1543	0.6819
13.130	0.1589	-0.1543	0.6818
13.140	0.1589	-0.1543	0.6817
13.150	0.1589	-0.1543	0.6816
13.160	0.1589	-0.1543	0.6815
13.170	0.1589	-0.1543	0.6814
13.180	0.1589	-0.1543	0.6813
13.190	0.1589	-0.1543	0.6812
13.200	0.1589	-0.1543	0.6811
13.210	0.1589	-0.1543	0.6810
13.220	0.1589	-0.1543	0.6809
13.230	0.1589	-0.1543	0.6808
13.240	0.1589	-0.1543	0.6807
13.250	0.1589	-0.1543	0.6806
13.260	0.1589	-0.1543	0.6805
13.270	0.1589	-0.1543	0.6804
13.280	0.1589	-0.1543	0.6803
13.290	0.1589	-0.1543	0.6802
13.300	0.1589	-0.1543	0.6801
13.310	0.1589	-0.1543	0.6800
13.320	0.1589	-0.1543	0.6799
13.330	0.1589	-0.1543	0.6798
13.340	0.1589	-0.1543	0.6797
13.350	0.1589	-0.1543	0.6796
13.360	0.1589	-0.1543	0.6795
13.370	0.1589	-0.1543	0.6794
13.380	0.1589	-0.1543	0.6793
13.390	0.1589	-0.1543	0.6792
13.400	0.1589	-0.1543	0.6791
13.410	0.1589	-0.1543	0.6790
13.420	0.1589	-0.1543	0.6789
13.430	0.1589	-0.1543	0.6788
13.440	0.1589	-0.1543	0.6787
13.450	0.1589	-0.1543	0.6786
13.460	0.1589	-0.1543	0.6785
13.470	0.1589	-0.1543	0.6784
13.480	0.1589	-0.1543	0.6783
13.490	0.1589	-0.1543	0.6782
13.500	0.1589	-0.1543	0.6781
13.510	0.1589	-0.1543	0.6780
13.520	0.1589	-0.1543	0.6779
13.530	0.1589	-0.1543	0.6778
13.540	0.1589	-0.1543	0.6777
13.550	0.1589	-0.1543	0.6776
13.560	0.1589	-0.1543	0.6775
13.570	0.1589	-0.1543	0.6774
13.580	0.1589	-0.1543	0.6773
13.590	0.1589	-0.1543	0.6772
13.600	0.1589	-0.1543	0.6771
13.610	0.1589	-0.1543	0.6770
13.620	0.1589	-0.1543	0.6769
13.630	0.1589	-0.1543	0.6768
13.640	0.1589	-0.1543	0.6767
13.650	0.1589	-0.1543	0.6766
13.660	0.1589	-0.1543	0.6765
13.670	0.1589	-0.1543	0.6764
13.680	0.1589	-0.1543	0.6763
13.690	0.1589	-0.1543	0.6762
13.700	0.1589	-0.1543	0.6761
13.710	0.1589	-0.1543	0.6760
13.720	0.1589	-0.1543	0.6759
13.730	0.1589	-0.1543	0.6758
13.740	0.1589	-0.1543	0.6757
13.750	0.1589	-0.1543	0.6756
13.760	0.1589	-0.1543	0.6755
13.770	0.1589	-0.1543	0.6754
13.780	0.1589	-0.1543	0.6753
13.790	0.1589	-0.1543	0.6752
13.800	0.1589	-0.1543	0.6751
13.810	0.1589	-0.1543	0.6750
13.820	0.1589	-0.1543	0.6749
13.830	0.1589	-0.1543	0.6748
13.840	0.1589	-0.1543	0.6747
13.850	0.1589	-0.1543	0.6746
13.860	0.1589	-0.1543	0.6745
13.870	0.1589	-0.1543	0.6744
13.880	0.1589	-0.1543	0.6743
13.890	0.1589	-0.1543	0.6742
13.900	0.1589	-0.1543	0.6741
13.910	0.1589	-0.1543	0.6740
13.920	0.1589	-0.1543	0.6739
13.930	0.1589	-0.1543	0.6738
13.940	0.1589	-0.1543	0.6737
13.950	0.1589	-0.1543	0.6736
13.960	0.1589	-0.1543	0.6735
13.970	0.1589	-0.1543	0.6734
13.980	0.1589	-0.1543	0.6733
13.990	0.1589	-0.1543	0.6732
14.000	0.1589	-0.1543	0.6731
14.010	0.1589	-0.1543	0.6730
14.020	0.1589	-0.1543	0.6729
14.030	0.1589	-0.1543	0.6728
14.040	0.1589	-0.1543	0.6727
14.050	0.1589	-0.1543	0.6726
14.060	0.1589	-0.1543	0.6725
14.070	0.1589	-0.1543	0.6724
14.080	0.1589	-0.1543	0.6723
14.090	0.1589	-0.1543	0.6722
14.100	0.1589	-0.1543	0.6721
14.110	0.1589	-0.1543	0.6720
14.120	0.1589	-0.1543	0.6719
14.130	0.1589	-0.1543	0.6718
14.140	0.1589	-0.1543	0.6717
14.150	0.1589	-0.1543	0.6716
14.160	0.1589	-0.1543	0.6715
14.170	0.1589	-0.1543	0.6714
14.180	0.1589	-0.1543	0.6713
14.190	0.1589	-0.1543	0.6712
14.200	0.1589	-0.1543	0.6711
14.210	0.1589	-0.1543	0.6710
14.220	0.1589	-0.1543	0.6709
14.230	0.1589	-0.1543	0.6708
14.240	0.1589	-0.1543	0.6707
14.250	0.1589	-0.1543	0.6706
14.260	0.1589	-0.1543	0.6705
14.270	0.1589	-0.1543	0.6704
14.280	0.1589	-0.1543	0.6703
14.290	0.1589	-0.1543	0.6702
14.300	0.1589	-0.1543	0.6701
14.310	0.1589	-0.1543	0.6700
14.320	0.1589	-0.1543	0.6699
14.330	0.1589	-0.1543	0.6698
14.340	0.1589	-0.1543	0.6697
14.350	0.1589	-0.1543	0.6696
14.360	0.1589	-0.1543	0.6695
14.370	0.1589	-0.1543	0.6694
14.380	0.1589	-0.1543	0.6693
14.390	0.1589	-0.1543	0.6692
14.400	0.1589	-0.1543	0.6691
14.410	0.1589	-0.1543	0.6690
14.420	0.1589	-0.1543	0.6689
14.430	0.1589	-0.1543	0.6688
14.440	0.1589	-0.1543	0.6687
14.450	0.1589	-0.1543	0.6686
14.460	0.1589	-0.1543	0.6685
14.470	0.1589	-0.1543	0.6684
14.480	0.1589	-0.1543	0.6683
14.490	0.1589	-0.1543	0.6682
14.500	0.1589	-0.1543	0.6681
14.510	0.1589	-0.1543	0.6680
14.520	0.1589	-0.1543	0.6679
14.530	0.1589	-0.1543	0.6678
14.540	0.1589	-0.1543	0.6677
14.550	0.1589	-0.1543	0.6676
14.560	0.1589	-0.1543	0.6675
14.570	0.1589	-0.1543	0.6674
14.580	0.1589	-0.1543	0.6673
14.590	0.1589	-0.1543	0.6672
14.600	0.1589	-0.1543	0.6671
14.610	0.1589	-0.1543	0.6670
14.620	0.1589	-0.1543	0.6669
14.630	0.1589	-0.1543	0.6668
14.640	0.1589	-0.1543	0.6667
14.650	0.1589	-0.1543	0.6666
14.660	0.1589	-0.1543	0.6665
14.670	0.1589	-0.1543	0.6664
14.680	0.1589	-0.1543	0.6663
14.690	0.1589	-0.1543	0.6662
14.700	0.1589	-0.1543	0.6661
14.710	0.1589	-0.1543	0.6660
14.720	0.1589	-0.1543	0.6659
14.730	0.1589	-0.1543	0.6658
14.740	0.1589	-0.1543	0.6657
14.750	0.1589	-0.1543	0.6656
14.760	0.1589	-0.1543	0.6655
14.770	0.1589	-0.1543	0.6654
14.780	0.1589	-0.1543	0.6653
14.790	0.1589	-0.1543	0.6652
14.800	0.1589	-0.1543	0.6651
14.810	0.1589	-0.1543	0.6650
14.820	0.1589	-0.1543	0.6649
14.830	0.1589	-0.1543	0.6648
14.840	0.1589	-0.1543	0.6647
14.850	0.1589	-0.1543	0.6646
14.860	0.1589	-0.1543	0.6645
14.870	0.1589	-0.1543	0.6644
14.880	0.1589	-0.1543	0.6643
14.890	0.1589	-0.1543	0.6642
14.900	0.1589	-0.1543	0.6641
14.910	0.1589	-0.1543	0.6640
14.920	0.1589	-0.1543	0.6639
14.930	0.1589	-0.1543	0.6638
14.940	0.1589	-0.1543	0.6637
14.950	0.1589	-0.1543	0.6636
14.960	0.1589	-0.1543	0.6635
14.970	0.1589	-0.1543	0.6634
14.980	0.1589	-0.1543	0.6633
14.990	0.1589	-0.1543	0.6632
15.000	0.1589	-0.1543	0.6631
15.010	0.1589	-0.1543	0.6630
15.020	0.1589	-0.1543	0.6629
15.030	0.1589	-0.1543	0.6628
15.040	0.1589	-0.1543	0.6627
15.050	0.1589	-0.1543	0.6626
15.060	0.1589	-0.1543	0.6625
15.070	0.1589	-0.1543	0.6624
15.080	0.1589	-0.1543	0.6623
15.090	0.1589	-0.1543	0.6622
15.100	0.1589	-0.1543	0.6621
15.110	0.1589	-0.1543	0.6620
15.120	0.1589	-0.1543	0.6619
15.130	0.1589	-0.1543	0.6618
15.140	0.1589	-0.1543	0.6617
15.150	0.1589	-0.1543	0.6616
15.160	0.1589	-0.1543	0.6615
15.170	0.1589	-0.1543	0.6614
15.180	0.1589	-0.1543	0.6613
15.190	0.1589	-0.1543	0.6612
15.200	0.1589	-0.1543	0.6611
15.210	0.1589	-0.1543	0.6610
15.220	0.1589	-0.1543	0.6609
15.230	0.1589	-0.1543	0.6608
15.240	0.1589	-0.1543	0.6607
15.250	0.1589	-0.1543	0.6606
15.260	0.1589	-0.1543	0.6605
15.270	0.1589	-0.1543	0.6604
15.280	0.1589	-0.1543	0.6603
15.290	0.1589	-0.1543	0.6602
15.300	0.1589	-0.1543	0.6601
15.310	0.1589	-0.1543	0.6600
15.320	0.1589	-0.1543	0.6599
15.330	0.1589	-0.1543	0.6598
15.340	0.1589	-0.1543	0.6597
15.350	0.1589	-0.1543	0.6596
15.360	0.1589	-0.1543	0.6595
15.370	0.1589	-0.1543	0.6594
15.380	0.1589	-0.1543	0.6593
15.390	0.1589	-0.1543	0.6592
15.400	0.1589	-0.1543	0.6591
15.410	0.1589	-0.1543	0.6590
15.420	0.1589	-0.1543	0.6589
15.430	0.1589	-0.1543	0.6588
15.440	0.1589	-0.1543	0.6587
15.450	0.1589	-0.1543	0.6586
15.460	0.1589	-0.1543	0.6585
15.470	0.1589	-0.1543	0.6584
15.480	0.1589	-0.1543	0.6583
15.490	0.1589	-0.1543	0.6582
15.500	0.1589	-0.1543	0.6581
15.510	0.1589	-0.1543	0.6580
15.520	0.1589	-0.1543	0.6579
15.530	0.1589	-0.1543	0.6578
15.540	0.1589	-0.1543	0.6577
15.550	0.1589	-0.1543	0.6576
15.560	0.1589	-0.1543	0.6575
15.570	0.1589	-0.1543	0.6574
15.580	0.1589	-0.1543	0.6573
15.590	0.1589	-0.1543	0.6572
15.600	0.1589	-0.1543	0.6571
15.610	0.1589	-0.1543	0.6570
15.620	0.1589	-0.1543	0.6569
15.630	0.1589	-0.1543	0.6568
15.640	0.1589	-0.1543	0.6567
15.650	0.1589	-0.1543	0.6566
15.660	0.1589	-0.1543	0.6565
15.670	0.1589	-0.1543	0.6564
15.680	0.1589	-0.1543	0.6563
15.690	0.1589	-0.1543	0.6562
15.700	0.1589	-0.1543	0.6561
15.710	0.1589	-0.1543	0.6560
15.720	0.1589	-0.1543	0.6559
15.730	0.1589	-0.1543	0.6558
15.740	0.1589	-0.1543	0.6557
15.750	0.1589	-0.1543	0.6556
15.760	0.1589	-0.1543	0.6555
15.770	0.1589	-0.1543	0.6554
15.780	0.1589	-0.1543	0.6553
15.790	0.1589	-0.1543	0.6552
15.800	0.1589	-0.1543	0.6551
15.810	0.1589	-0.1543	0.6550
15.820	0.1589	-0.1543	0.6549
15.830	0.1589	-0.1543	0.6548
15.840	0.1589	-0.1543	0.6547
15.850	0.1589	-0.1543	0.6546
15.860	0.1589	-0.1543	0.6545
15.870	0.1589	-0.1543	0.6544
15.880	0.1589	-0.1543	0.6543
15.890	0.1589	-0.1543	0.6542
15.900	0.1589	-0.1543	0.6541
15.910	0.1589	-0.1543	0.6540
15.920	0.1589	-0.1543	0.6539
15.930	0.1589	-0.1543	0.6538
15.940	0.1589	-0.1543	0.6537
15.950	0.1589	-0.1543	0.6536
15.960	0.1589	-0.1543	0.6535
15.970	0.1589	-0.1543	0.6534
15.980	0.1589	-0.1543	0.6533
15.990	0.1589	-0.1543	0.6532
16.000	0.1589	-0.1543	0.6531
16.010	0.1589	-0.1543	0.6530
16.020	0.1589	-0.1543	0.6529
16.030	0.1589	-0.1543	0.6528
16.040	0.1589	-0.1543	0.6527
16.050	0.1589	-0.1543	0.6526
16.060	0.1589	-0.1543	0.6525
16.070	0.1589	-0.1543	0.6524
16.080	0.1589	-0.1543	0.6523
16.090	0.1589	-0.1543	0.6522
16.100	0.1589	-0.1543	0.6521
16.110	0.1589	-0.1543	0.6520
16.120	0.1589	-0.1543	0.6519
16.130	0.1589	-0.1543	0.6518
16.140	0.1589	-0.1543	0.6517
16.150	0.1589	-0.1543	0.6516
16.160	0.1589	-0.1543	0.6515
16.170	0.1589	-0.1543	0.6514
16.180	0.1589	-0.1543	0.6513
16.190	0.1589	-0.1543	0.6512
16.200	0.1589	-0.1543	0.6511
16.210	0.1589	-0.1543	0.6510
16.220	0.1589	-0.1543	0.6509
16.230	0.1589	-0.1543	0.6508
16.240	0.1589	-0.1543	0.6507
16.250	0.1589	-0.1543	0.6506
16.260	0.1589	-0.1543	0.6505
16.270	0.1589	-0.1543	0.6504
16.280	0.1589	-0.1543	0.6503
16.290	0.1589	-0.1543	0.6502
16.300	0.1589	-0.1543	0.6501
16.310	0.1589	-0.1543	0.6500
16.320	0.1589	-0.1543	0.6499
16.330	0.1589	-0.1543	0.6498
16.340	0.1589	-0.1543	0.6497
16.350	0.1589	-0.1543	0.6496
16.360	0.1589	-0.1543	0.6495
16.370	0.1589	-0.1543	0.6494
16.380	0.1589	-0.1543	0.6493
16.390	0.1589	-0.1543	0.6492
16.400	0.1589	-0.1543	0.6491
16.410	0.1589	-0.1543	0.6490
16.420	0.1589	-0.1543	0.6489
16.430	0.1589	-0.1543	0.6488
16.440	0.1589	-0.1543	0.6487
16.450	0.1589	-0.1543	0.6486
16.460	0.1589	-0.1543	0.6485
16.470	0.1589	-0.1543	0.6484
16.480	0.1589	-0.1543	0.6483
16.490	0.1589	-0.1543	0.6482
16.500	0.1589	-0.1543	0.6481
16.510	0.1589	-0.1543	0.6480
16.520	0.1589	-0.1543	0.6479
16.530	0.1589	-0.1543	0.6478
16.540	0.1589	-0.1543	0.6477
16.550	0.1589	-0.1543	0.6476
16.560	0.1589	-0.1543	0.6475
16.570	0.1589	-0.1543	0.6474
16.580	0.1589	-0.1543	0.6473
16.590	0.1589	-0.1543	0.6472
16.600	0.1589	-0.1543	0.6471
16.610	0.1589	-0.1543	0.6470
16.620	0.1589	-0.1543	0.6469
16.630	0.1589	-0.1543	0.6468
16.640	0.1589	-0.1543	0.6467
16.650	0.1589	-0.1543	0.6466
16.660	0.1589	-0.1543	0.6465
16.670	0.1589	-0.1543	0.6464
16.680	0.1589	-0.1543	0.6463
16.690	0.1589	-0.1543	0.6462
16.700	0.1589	-0.1543	0.6461
16.710	0.1589	-0.1543	0.6460
16.720	0.1589	-0.1543	0.6459
16.730	0.1589	-0.1543	0.6458
16.740	0.1589	-0.1543	0.6457
16.750	0.1589	-0.1543	0.6456
16.760	0.1589	-0.1543	0.6455
16.770	0.1589	-0.1543	0.6454
16.780	0.1589	-0.1543	0.6453
16.790	0.1589	-0.1543	0.6452
16.800	0.1589	-0.1543	0.6451
16.810	0.1589	-0.1543	0.6450
16.820	0.1589	-0.1543	0.6449
16.830	0.1589	-0.1543	0.6448
16.840	0.1589	-0.1543	0.6447
16.850	0.1589	-0.1543	0.6446
16.860	0.1589	-0.1543	0.6445
16.870	0.1589	-0.1543	0.6444
16.880	0.1589	-0.1543	0.6443
16.890	0.1589	-0.1543	0.6442
16.900	0.1589	-0.1543	0.6441
16.910	0.1589	-0.1543	0.6440
16.920	0.1589	-0.1543	0.6439
16.930	0.1589	-0.1543	0.6438
16.940	0.1589	-0.1543	0.6437
16.950	0.1589	-0.1543	0.6436
16.960	0.1589	-0.1543	0.6435
16.970	0.1589	-0.1543	0.6434
16.980	0.1589	-0.1543	0.6433
16.990	0.1589	-0.1543	0.6432
17.000	0.1589	-0.1543	0.6431
17.010	0.1589	-0.1543	0.6430
17.020	0.1589	-0.1543	0.6429
17.030	0.1589	-0.1543	0.6428
17.040	0.1589	-0.1543	0.6427
17.050	0.1589	-0.1543	0.6426
17.060	0.1589	-0.1543	0.6425
17.070	0.1589	-0.1543	0.6424
17.080	0.1589	-0.1543	0.6423
17.090	0.1589	-0.1543	0.6422
17.100	0.1589	-0.1543	0.6421
17.110	0.1589	-0.1543	0.6420
17.120	0.1589	-0.1543	0.6419
17.130	0.1589	-0.1543	0.6418
17.140	0.1589	-0.1543	0.6417
17.150	0.1589	-0.1543	0.6416
17.160	0.1589	-0.1543	0.6415
17.170	0.1589	-0.1543	0.6414
17.180	0.1589	-0.1543	0.6413
17.190	0.1589	-0.1543	0.6412
17.200	0.1589	-0.1543	0.6411
17.210	0.1589	-0.1543	0.6410
17.220	0.1589	-0.1543	0.6409
17.230	0.1589	-0.1543	0.6408
17.240	0.1589	-0.1543	0.6407
17.250	0.1589	-0.1543	0.6406
17.260	0.1589	-0.1543	0.6405
17.270	0.1589	-0.1543	0.6404
17.280	0.1589	-0.1543	0.6403
17.290	0.1589	-0.1543	0.6402
17.300	0.1589	-0.1543	0.6401
17.310	0.1589	-0.1543	0.6400
17.320	0.1589	-0.1543	0.6399
17.330	0.1589	-0.1543	0.6398
17.340	0.1589	-0.1543	0.6397
17.350	0.1589	-0.1543	0.6396
17.360	0.1589	-0.1543	0.6395
17.370	0.1589	-0.1543	0.6394
17.380	0.1589	-0.1543	0.6393
17.390	0.1589	-0.1543	0.6392
17.400	0.1589	-0.1543	0.6391
17.410	0.1589	-0.1543	0.6390
17.420	0.1589	-0.1543	0.6389
17.430	0.1589	-0.1543	0.6388
17.440	0.1589	-0.1543	0.6387
17.450	0.1589	-0.1543	0.6386
17.460	0.1589	-0.1543	0.6385
17.470	0.1589	-0.1543	0.6384
17.480	0.1589	-0.1543	0.6383
17.490	0.1589	-0.1543	0.6382
17.500	0.1589	-0.1543	0.6381
17.510	0.1589	-0.1543	0.6380
17.520	0.1589	-0.1543	0.6379
17.530	0.1589	-0.1543	0.6378
17.540	0.1589	-0.1543	0.6377
17.550	0.1589	-0.1543	0.6376
17.560	0.1589	-0.1543	0.6375
17.570	0.1589	-0.1543	0.6374
17.580	0.1589	-0.1543	0.6373
17.590	0.1589	-0.1543	0.6372
17.600	0.1589	-0.1543	0.6371
17.610	0.1589	-0.1543	0.6370
17.620	0.1589	-0.1543	0.6369
17.630	0.1589	-0.1543	0.6368
17.640	0.1589	-0.1543	0.6367
17.650	0.1589	-0.1543	0.6366
17.660	0.1589	-0.1543	0.6365
17.670	0.1589	-0.1543	0.6364
17.680	0.1589	-0.1543	0.6363
17.690	0.1589	-0.1543	0.6362
17.700	0.1589	-0.1543	0.6361
17.710	0.1589	-0.1543	0.6360
17.720	0.1589	-0.1543	0.6359
17.730	0.1589	-0.1543	0.6358
17.740	0.1589	-0.1543	0.6357
17.750	0.1589	-0.1543	0.6356
17.760	0.1589	-0.1543	0.6355
17.770	0.1589	-0.1543	0.6354
17.780	0.1589	-0.1543	0.6353
17.790	0.1589	-0.1543	0.6352
17.800	0.1589	-0.1543	0.6351
17.810	0.1589	-0.1543	0.6350
17.820	0.1589	-0.1543	0.6349
17.830	0.1589	-0.1543	0.6348
17.840	0.1589	-0.1543	0.6347
17.850	0.1589	-0.1543	0.6346
17.860	0.1589	-0.1543	0.6345
17.870	0.1589	-0.1543	0.6344
17.880	0.1589	-0.1543	0.6343
17.890	0.1589	-0.1543	0.6342
17.900	0.1589	-0.1543	0.6341
17.910	0.1589	-0.1543	0.6340
17.920	0.1589	-0.1543	0.6339
17.930	0.1589	-0.1543	0.6338
17.940	0.1589	-0.1543	0.6337
17.950	0.1589	-0.1543	0.6336
17.960	0.1589	-0.1543	0.6335
17.970	0.1589	-0.1543	0.6334
17.980	0.1589	-0.1543	0.6333
17.990	0.1589	-0.1543	0.6332
18.000	0.1589	-0.1543	0.6331
18.010	0.1589	-0.1543	0.6330
18.020	0.1589	-0.1543	0.6329
18.030	0.1589	-0.1543	0.6328
18.040	0.1589	-0.1543	0.6327
18.050	0.1589	-0.1543	0.6326
18.060	0.1589	-0.1543	0.6325
18.070	0.1589	-0.1543	0.6324
18.080	0.1589	-0.1543	0.6323
18.090	0.1589	-0.1543	0.6322
18.100	0.1589	-0.1543	0.6321
18.110	0.1589	-0.1543	0.6320
18.120	0.1589	-0.1543	0.6319
18.130	0.1589	-0.1543	0.6318
18.140	0.1589	-0.1543	0.6317
18.150	0.1589	-0.1543	0.6316
18.160	0.1589	-0.1543	0.6315
18.170	0.1589	-0.1543	0.6314
18.180	0.1589	-0.1543	0.6313
18.190	0.1589	-0.1543	0.6312
18.200	0.1589	-0.1543	0.6311
18.210	0.1589	-0.1543	0.6310
18.220	0.1589	-0.1543	0.6309
18.230	0.1589	-0.1543	0.6308
18.240	0.1589	-0.1543	0.6307
18.250	0.1589	-0.1543	0.6306
18.260	0.1589	-0.1543	0.6305
18.270	0.1589	-0.1543	0.6304
18.280	0.1589	-0.1543	0.6303
18.290	0.1589	-0.1543	0.6302
18.300	0.1589	-0.1543	0.6301
18.310	0.1589	-0.1543	0.6300
18.320	0.1589	-0.1543	0.6299
18.330	0.1589	-0.1543	0.6298
18.340	0.1589	-0.1543	0.6297
18.350	0.1589	-0.1543	0.6296
18.360	0.1589	-0.1543	0.6295
18.370	0.1589	-0.1543	0.6294
18.380	0.1589	-0.1543	0.6293
18.390	0.1589	-0.1543	0.6292
18.400	0.1589	-0.1543	0.6291
18.410	0.1589	-0.1543	0.6290
18.420	0.1589	-0.1543	0.6289
18.430	0.1589	-0.1543	0.6288
18.440	0.1589	-0.1543	0.6287
18.450	0.1589	-0.1543	0.6286
18.460	0.1589	-0.1543	0.6285
18.470	0.1589	-0.1543	0.6284
18.480	0.1589	-0.1543	0.6283
18.490	0.1589	-0.1543	0.6282
18.500	0.1589	-0.1543	0.6281
18.510	0.1589	-0.1543	0.6280
18.520	0.1589	-0.1543	0.6279
18.530	0.1589	-0.1543	0.6278
18.540	0.1589	-0.1543	0.6277
18.550	0.1589	-0.1543	0.6276
18.560	0.1589	-0.1543	0.6275
18.570	0.1589	-0.1543	0.6274
18.580	0.1589	-0.1543	0.6273
18.590	0.1589	-0.1543	0.6272
18.600	0.1589	-0.1543	0.6271
18.610	0.1589	-0.1543	0.6270
18.620	0.1589	-0.1543	0.6269
18.630	0.1589	-0.1543	0.6268
18.640	0.1589	-0.1543	0.6267
18.650	0.1589	-0.1543	0.6266
18.660	0.1589	-0.1543	0.6265
18.670	0.1589	-0.1543	0.6264
18.680	0.1589	-0.1543	0.6263
18.690	0.1589	-0.1543	0.6262
18.700	0.1589	-0.1543	0.6261
18.710	0.1589	-0.1543	0.6260
18.720	0.1589	-0.1543	0.6259
18.730	0.1589	-0.1543	0.6258
18.740	0.1589	-0.1543	0.6257
18.750	0.1589	-0.1543	0.6256
18.760	0.1589	-0.1543	0.6255
18.770	0.1589	-0.1543	0.6254
18.780	0.1589	-0.1543	0.6253
18.790	0.1589	-0.1543	0.6252
18.800	0.1589	-0.1543	0.6251
18.810	0.1589	-0.1543	0.6250
18.820	0.1589	-0.1543	0.6249
18.830	0.1589	-0.1543	0.6248
18.840	0.1589	-0.1543	0.6247
18.850	0.1589	-0.1543	0.6246
18.860	0.1589	-0.1543	0.6245
18.870	0.1589	-0.1543	0.6244
18.880	0.1589	-0.1543	0.6243
18.890	0.1589	-0.1543	0.6242
18.900	0.1589	-0.1543	0.6241
18.910	0.1589	-0.1543	0.6240
18.920	0.1589	-0.1543	0.6239
18.930	0.1589	-0.1543	0.6238
18.940	0.1589	-0.1543	0.6237
18.950	0.1589	-0.1543	0.6236
18.960	0.1589	-0.1543	0.6235
18.970	0.1589	-0.1543	0.6234
18.980	0.1589	-0.1543	0.6233
18.990	0.1589	-0.1543	0.6232
19.000	0.1589	-0.1543	0.6231
19.010	0.1589	-0.1543	0.6230
19.020	0.1589	-0.1543	0.6229
19.030	0.1589	-0.1543	0.6228
19.040	0.1589	-0.1543	0.6227
19.050	0.1589	-0.1543	0.6226
19.060	0.1589	-0.1543	0.6225
19.070	0.1589	-0.1543	0.6224
19.080	0.1589	-0.1543	0.6223
19.090	0.1589	-0.1543	0.6222
19.100	0.1589	-0.1543	0.6221
19.110	0.1589	-0.1543	0.6220
19.120	0.1589	-0.1543	0.6219
19.130	0.1589	-0.1543	0.6218
19.140	0.1589	-0.1543	0.6217
19.150	0.1589	-0.1543	0.6216
19.160	0.1589	-0.1543	0.6215
19.170	0.1589	-0.1543	0.6214
19.180	0.1589	-0.1543	0.6213
19.190	0.1589	-0.1543	0.6212
19.200	0.1589	-0.1543	0.6211
19.210	0.1589	-0.1543	0.6210
19.220	0.1589	-0.1543	0.6209
19.230	0.1589	-0.1543	0.6208
19.240	0.1589	-0.1543	0.6207
19.250	0.1589	-0.1543	0.6206
19.260	0.1589	-0.1543	0.6205
19.270	0.1589	-0.1543	0.6204
19.280	0.1589	-0.1543	0.6203
19.290	0.1589	-0.1543	0.6202
19.300	0.1589	-0.1543	0.6201
19.310	0.1589	-0.1543	0.6200
19.320	0.1589	-0.1543	0.6199
19.330	0.1589	-0.1543	0.6198
19.340	0.1589	-0.1543	0.6197
19.350	0.1589	-0.1543	0.6196
19.360	0.1589	-0.1543	0.6195
19.370	0.1589	-0.1543	0.6194
19.380	0.1589	-0.1543	0.6193
19.390	0.1589	-0.1543	0.6192
19.400	0.1589	-0.1543	0.6191
19.410	0.1589	-0.1543	0.6190
19.420	0.1589	-0.1543	0.6189
19.430	0.1589	-0.1543	0.6188
19.440	0.1589	-0.1543	0.6187
19.450	0.1589	-0.1543	0.6186
19.460	0.1589	-0.1543	0.6185
19.470	0.1589	-0.1543	0.6184
19.480	0.1589	-0.1543	0.6183
19.490	0.1589	-0.1543	0.6182
19.500	0.1589	-0.1543	0.6181
19.510	0.1589	-0.1543	0.6180
19.520	0.1589	-0.1543	0.6179
19.530	0.1589	-0.1543	0.6178
19.540	0.1589	-0.1543	0.6177
19.550	0.1589	-0.1543	0.6176
19.560	0.1589	-0.1543	0.6175
19.570	0.1589	-0.1543	0.6174
19.580	0.1589	-0.1543	0.6173
19.590	0.1589	-0.1543	0.6172
19.600	0.1589	-0.1543	0.6171
19.610	0.1589	-0.1543	0.6170
19.620	0.1589	-0.1543	0.6169
19.630	0.1589	-0.1543	0.6168
19.640	0.1589	-0.1543	0.6167
19.650	0.1589	-0.1543	0.6166
19.660	0.1589	-0.1543	0.6165
19.670	0.1589	-0.1543	0.6164
19.680	0.1589	-0.1543	0.6163
19.690	0.1589	-0.1543	0.6162
19.700	0.1589	-0.1543	0.6161
19.710	0.1589	-0.1543	0.6160
19.720	0.1589	-0.1543	0.6159
19.730	0.1589	-0.1543	0.6158
19.740	0.1589	-0.1543	0.6157
19.750	0.1589	-0.1543	0.6156
19.760	0.1589	-0.1543	0.6155
19.770	0.1589	-0.1543	0.6154
19.780	0.1589	-0.1543	0.6153
19.790	0.1589	-0.1543	0.6152
19.800	0.1589	-0.1543	0.6151
19.810	0.1589	-0.1543	0.6150
19.820	0.1589	-0.1543	0.6149
19.830	0.1589	-0.1543	0.6148
19.840	0.1589	-0.1543	0.6147
19.850	0.1589	-0.1543	0.6146
19.860	0.1589	-0.1543	0.6145
19.870	0.1589	-0.1543	0.6144
19.880	0.1589	-0.1543	0.6143
19.890	0.1589	-0.1543	0.6142
19.900	0.1589	-0.1543	0.6141
19.910	0.1589	-0.1543	0.6140
19.920	0.1589	-0.1543	0.6139
19.930	0.1589	-0.1543	0.6138
19.940	0.1589	-0.1543	0.6137
19.950	0.1589	-0.1543	0.6136
19.960	0.1589	-0.1543	0.6135
19.970	0.1589	-0.1543	0.6134
19.980	0.1589	-0.1543	0.6133
19.990	0.1589	-0.1543	0.6132
20.000	0.1589	-0.1543	0.6131
20.010	0.1589	-0.1543	0.6130
20.020	0.1589	-0.1543	0.6129
20.030	0.1589	-0.1543	0.6128
20.040	0.1589	-0.1543	0.6127
20.050	0.1589	-0.1543	0.6126
20.060	0.1589	-0.1543	0.6125
20.070	0.1589	-0.1543	0.6124
20.080	0.1589	-0.1543	0.6123
20.090	0.1589	-0.1543	0.6122
20.100	0.1589	-0.1543	0.6121
20.110	0.1589	-0.1543	0.6120
20.120	0.1589	-0.1543	0.6119
20.130	0.1589	-0.1543	0.6118
20.140	0.1589	-0.1543	0.6117
20.150	0.1589	-0.1543	0.6116
20.160	0.1589	-0.1543	0.6115
20.170	0.1589	-0.1543	0.6114
20.180	0.1589	-0.1543	0.6113
20.190	0.1589	-0.1543	0.6112
20.200	0.1589	-0.1543	0.6111
20.210	0.1589	-0.1543	0.6110
20.220	0.1589	-0.1543	0.6109
20.230	0.1589	-0.1543	0.6108
20.240	0.1589	-0.1543	0.6107
20.250	0.1589	-0.1543	0.6106
20.260	0.1589	-0.1543	0.6105
20.270	0.1589	-0.1543	0.6104
20.280	0.1589	-0.1543	0.6103
20.290	0.1589	-0.1543	0.6102
20.300	0.1589	-0.1543	0.6101
20.310	0.1589	-0.1543	0.6100
20.320	0.1589	-0.1543	0.6099
20.330	0.1589	-0.1543	0.6098
20.340	0.1589	-0.1543	0.6097
20.350	0.1589	-0.1543	0.6096
20.360	0.1589	-0.1543	0.6095
20.370	0.1589	-0.1543	0.6094
20.380	0.1589	-0.1543	0.6093
20.390	0.1589	-0.1543	0.6092
20.400	0.1589	-0.1543	0.6091
20.410	0.1589	-0.1543	0.6090
20.420	0.1589	-0.1543	0.6089
20.430	0.1589	-0.1543	0.6088
20.440	0.1589	-0.1543	0.6087
20.450	0.1589	-0.1543	0.6086
20.460	0.1589	-0.1543	0.6085
20.470	0.1589	-0.1543	0.6084
20.480	0.1589	-0.1543	0.6083
20.490	0.1589	-0.1543	0.6082
20.500	0.1589	-0.1543	0.6081
20.510	0.1589	-0.1543	0.6080
20.520	0.1589	-0.1543	0.6079
20.530	0.1589	-0.1543	0.6078
20.540	0.1589	-0.1543	0.6077
20.550	0.1589	-0.1543	0.6076
20.560	0.1589	-0.1543	0.6075
20.570	0.1589	-0.1543	0.6074
20.580	0.1589	-0.1543	0.6073
20.590	0.1589	-0.1543	0.6072
20.600	0.1589	-0.1543	0.6071
20.610	0.1589	-0.1543	0.6070
20.620	0.1589	-0.1543	0.6069
20.630	0.1589	-0.1543	0.6068
20.640	0.1589	-0.1543	0.6067
20.650	0.1589	-0.1543	0.6066
20.660	0.1589	-0.1543	0.6065
20.670	0.1589	-0.1543	0.6064
20.680	0.1589	-0.1543	0.6063
20.690	0.1589	-0.1543	0.6062
20.700	0.1589	-0.1543	0.6061
20.710	0.1589	-0.1543	0.6060
20.720	0.1589	-0.1543	0.6059
20.730	0.1589	-0.1543	0.6058
20.740	0.1589	-0.1543	0.6057
20.750	0.1589	-0.1543	0.6056
20.760	0.1589	-0.1543	0.6055
20.770	0.1589	-0.1543	0.6054
20.780	0.1589	-0.1543	0.6053
20.790	0.1589	-0.1543	0.6052
20.800	0.1589	-0.1543	0.6051
20.810	0.1589	-0.1543	0.6050
20.820	0.1589	-0.1543	0.6049
20.830	0.1589	-0.1543	0.6048
20.840	0.1589	-0.1543	0.6047
20.850	0.1589	-0.1543	0.6046
20.860	0.1589	-0.1543	0.6045
20.870	0.1589	-0.1543	0.6044
20.880	0.1589	-0.1543	0.6043
20.890	0.1589	-0.1543	0.6042
20.900	0.1589	-0.1543	0.6041
20.910	0.1589	-0.1543	0.6040
20.920	0.1589	-0.1543	0.6039
20.930	0.1589	-0.1543	0.6038
20.940	0.1589	-0.1543	0.6037
20.950	0.1589	-0.1543	0.6036
20.960	0.1589	-0.1543	0.6035
20.970	0.1589	-0.1543	0.6034
20.980	0.1589	-0.1543	0.6033
20.990	0.1589	-0.1543	0.6032
21.000	0.1589	-0.1543	0.6031
21.010	0.1589	-0.1543	0.6030
21.020	0.1589	-0.1543	0.6029
21.030	0.1589	-0.1543	0.6028
21.040	0.1589	-0.1543	0.6027
21.050	0.1589	-0.1543	0.6026
21.060	0.1589	-0.1543	0.6025
21.070	0.1589	-0.1543	0.6024
21.080	0.1589	-0.1543	0.6023
21.090	0.1589	-0.1543	0.6022
21.100	0.1589	-0.1543	0.6021
21.110	0.1589	-0.1543	0.6020
21.120	0.1589	-0.1543	0.6019
21.130	0.1589	-0.1543	0.6018
21.140	0.1589	-0.1543	0.6017
21.150	0.1589	-0.1543	0.6016
21.160	0.1589	-0.1543	0.6015
21.170	0.1589	-0.1543	0.6014
21.180	0.1589	-0.1543	0.6013
21.190	0.1589	-0.1543	0.6012
21.200	0.1589	-0.1543	0.6011
21.210	0.1589	-0.1543	0.6010
21.220	0.1589	-0.1543	0.6009
21.230	0.1589	-0.1543	0.6008
21.240	0.1589	-0.1543	0.6007
21.250	0.1589	-0.1543	0.6006
21.260	0.1589	-0.1543	0.6005
21.270	0.1589	-0.1543	0.6004
21.280	0.1589	-0.1543	0.6003
21.290	0.1589	-0.1543	0.6002
21.300	0.1589	-0.1543	0.6001
21.310	0.1589	-0.1543	0.6000
21.320	0.1589	-0.1543	0.5999
21.330	0.1589	-0.1543	0.5998
21.340	0.1589	-0.1543	0.5997
21.350	0.1589	-0.1543	0.5996
21.360	0.1589	-0.1543	0.5995
21.370	0.1589	-0.1543	0.5994
21.380	0.1589	-0.1543	0.5993
21.390	0.1589	-0.1543	0.5992
21.400	0.1589	-0.1543	0.5991
21.410	0.1589	-0.1543	0.5990
21.420	0.1589	-0.1543	0.5989
21.430	0.1589	-0.1543	0.5988
21.440	0.1589	-0.1543	0.5987
21.450	0.1589	-0.1543	0.5986
21.460	0.1589	-0.1543	0.5985
21.470	0.1589	-0.1543	0.5984
21.480	0.1589	-0.1543	0.5983
21.490	0.1589	-0.1543	0.5982
21.500	0.1589	-0.1543	0.5981
21.510	0.1589	-0.1543	0.5980
21.520	0.1589	-0.1543	0.5979
21.530	0.1589	-0.1543	0.5978
21.540	0.1589	-0.1543	0.5977
21.550	0.1589	-0.1543	0.5976
21.560	0.1589	-0.1543	0.5975
21.570	0.1589	-0.1543	0.5974
21.580	0.1589	-0.1543	0.5973
21.590	0.1589	-0.1543	0.5972
21.600	0.1589	-0.1543	0.5971
21.610	0.1589	-0.1543	0.5970
21.620	0.1589	-0.1543	0.5969
21.630	0.1589	-0.1543	0.5968
21.640	0.1589	-0.1543	0.5967
21.650	0.1589	-0.1543	0.5966
21.660	0.1589	-0.1543	0.5965
21.670	0.1589	-0.1543	0.5964
21.680	0.1589	-0.1543	0.5963
21.690	0.1589	-0.1543	0.5962
21.700	0.1589	-0.1543	0.5961
21.710	0.1589	-0.1543	0.5960
21.720	0.1589	-0.1543	0.5959
21.730	0.1589	-0.1543	0.5958
21.740	0.1589	-0.1543	0.5957
21.750	0.1589	-0.1543	0.5956
21.760	0.1589	-0.1543	0.5955
21.770	0.1589	-0.1543	0.5954
21.780	0.1589	-0.1543	0.5953
21.790	0.1589	-0.1543	0.5952
21.800	0.1589	-0.1543	0.5951
21.810	0.1589	-0.1543	0.5950
21.820	0.1589	-0.1543	0.5949
21.830	0.1589	-0.1543	0.5948
21.840	0.1589	-0.1543	0.5947
21.850	0.1589	-0.1543	0.5946
21.860	0.1589	-0.1543	0.5945
21.870	0.1589	-0.1543	0.5944
21.880	0.1589	-0.1543	0.5943
21.890	0.1589	-0.1543	0.5942
21.900	0.1589	-0.1543	0.5941
21.910	0.1589	-0.1543	0.5940
21.920	0.1589	-0.1543	0.5939
21.930	0.1589	-0.1543	0.5938
21.940	0.1589	-0.1543	0.5937
21.950	0.1589	-0.1543	0.5936
21.960	0.1589	-0.1543	0.5935
21.970	0.1589	-0.1543	0.5934
21.980	0.1589	-0.1543	0.5933
21.990	0.1589	-0.1543	0.5932
22.000	0.1589	-0.1543	0.5931
22.010	0.1589	-0.1543	0.5930
22.020	0.1589	-0.1543	0.5929
22.030	0.1589	-0.1543	0.5928
22.040	0.1589	-0.1543	0.5927
22.050	0.1589	-0.1543	0.5926
22.060	0.1589	-0.1543	0.5925
22.070	0.1589	-0.1543	0.5924
22.080	0.1589	-0.1543	0.5923
22.090	0.1589	-0.1543	0.5922
22.100	0.1589	-0.1543	0.5921
22.110	0.1589	-0.1543	0.5920
22.120	0.1589	-0.1543	0.5919
22.130	0.1589	-0.1543	0.5918
22.140	0.1589	-0.1543	0.5917
22.150	0.1589	-0.1543	0.5916
22.160	0.1589	-0.1543	0.5915
22.170	0.1589	-0.1543	0.5914
22.180	0.1589	-0.1543	0.5913
22.190	0.1589	-0.1543	0.5912
22.200	0.1589	-0.1543	0.5911
22.210	0.1589	-0.1543	0.5910
22.220	0.1589	-0.1543	0.5909
22.230	0.1589	-0.1543	0.5908
22.240	0.1589	-0.1543	0.5907
22.250	0.1589	-0.1543	0.5906
22.260	0.1589	-0.1543	0.5905
22.270	0.1589	-0.1543	0.5904
22.280	0.1589	-0.1543	0.5903
22.290	0.1589	-0.1543	0.5902
22.300	0.1589	-0.1543	0.5901
22.310	0.1589	-0.1543	0.5900
22.320	0.1589	-0.1543	0.5899
22.330	0.1589	-0.1543	0.5898
22.340	0.1589	-0.1543	0.5897
22.350	0.1589	-0.1543	0.5896
22.360	0.1589	-0.1543	0.5895
22.370	0.1589	-0.1543	0.5894
22.380	0.1589	-0.1543	0.5893
22.390	0.1589	-0.1543	0.5892
22.400	0.1589	-0.1543	0.5891
22.410	0.1589	-0.1543	0.5890
22.420	0.1589	-0.1543	0.5889
22.430	0.1589	-0.1543	0.5888
22.440	0.1589	-0.1543	0.5887
22.450	0.1589	-0.1543	0.5886
22.460	0.1589	-0.1543	0.5885
22.470	0.1589	-0.1543	0.5884
22.480	0.1589	-0.1543	0.5883
22.490	0.1589	-0.1543	0.5882
22.500	0.1589	-0.1543	0.5881
22.510	0.1589	-0.1543	0.5880
22.520	0.1589	-0.1543	0.5879
22.530	0.1589	-0.1543	0.5878
22.540	0.1589	-0.1543	0.5877
22.550	0.1589	-0.1543	0.5876
22.560	0.1589	-0.1543	0.5875
22.570	0.1589	-0.1543	0.5874
22.580	0.1589	-0.1543	0.5873
22.590	0.1589	-0.1543	0.5872
22.600	0.1589	-0.1543	0.5871
22.610	0.1589	-0.1543	0.5870
22.620	0.1589	-0.1543	0.5869
22.630	0.1589	-0.1543	0.5868
22.640	0.1589	-0.1543	0.5867
22.650	0.1589	-0.1543	0.5866
22.660	0.1589	-0.1543	0.5865
22.670	0.1589	-0.1543	0.5864
22.680	0.1589	-0.1543	0.5863
22.690	0.1589	-0.1543	0.5862
22.700	0.1589	-0.1543	0.5861
22.710	0.1589	-0.1543	0.5860
22.720	0.1589	-0.1543	0.5859
22.730	0.1589	-0.1543	0.5858
22.740	0.1589	-0.1543	0.5857
22.750	0.1589	-0.1543	0.5856
22.760	0.1589	-0.1543	0.5855
22.770	0.1589	-0.1543	0.5854
22.780	0.1589	-0.1543	0.5853
22.790	0.1589	-0.1543	0.5852
22.800	0.1589	-0.1543	0.5851
22.810	0.1589	-0.1543	0.5850
22.820	0.1589	-0.1543	0.5849
22.830	0.1589	-0.1543	0.5848
22.840	0.1589	-0.1543	0.5847
22.850	0.1589	-0.1543	0.5846
22.860	0.1589	-0.1543	0.5845
22.870	0.1589	-0.1543	0.5844
22.880	0.1589	-0.1543	0.5843
22.890	0.1589	-0.1543	0.5842
22.900	0.1589	-0.1543	0.5841
22.910	0.1589	-0.1543	0.5840
22.920	0.1589	-0.1543	0.5839
22.930	0.1589	-0.1543	0.5838
22.940	0.1589	-0.1543	0.5837
22.950	0.1589	-0.1543	0.5836
22.960	0.1589	-0.1543	0.5835
22.970	0.1589	-0.1543	0.5834
22.980	0.1589	-0.1543	0.5833
22.990	0.1589	-0.1543	0.5832
23.000	0.1589	-0.1543	0.5831
23.010	0.1589	-0.1543	0.5830
23.020	0.1589	-0.1543	0.5829
23.030	0.1589	-0.1543	0.5828
23.040	0.1589	-0.1543	0.5827
23.050	0.1589	-0.1543	0.5826
23.060	0.1589	-0.1543	0.5825
23.070	0.1589	-0.1543	0.5824
23.080	0.1589	-0.1543	0.5823
23.090	0.1589	-0.1543	0.5822
23.100	0.1589	-0.1543	0.5821
23.110	0.1589	-0.1543	0.5820
23.120	0.1589	-0.1543	0.5819
23.130	0.1589	-0.1543	0.5818
23.140	0.1589	-0.1543	0.5817
23.150	0.1589	-0.1543	0.5816
23.160	0.1589	-0.1543	0.5815
23.170	0.1589	-0.1543	0.5814
23.180	0.1589	-0.1543	0.5813
23.190	0.1589	-0.1543	0.5812
23.200	0.1589	-0.1543	0.5811
23.210	0.1589	-0.1543	0.5810
23.220	0.1589	-0.1543	0.5809
23.230	0.1589	-0.1543	0.5808
23.240	0.1589	-0.1543	0.5807
23.250	0.1589	-0.1543	0.5806
23.260	0.1589	-0.1543	0.5805
23.270	0.1589	-0.1543	0.5804
23.280	0.1589	-0.1543	0.5803
23.290	0.1589	-0.1543	0.5802
23.300	0.1589	-0.1543	0.5801
23.310	0.1589	-0.1543	0.5800
23.320	0.1589	-0.1543	0.5799
23.330	0.1589	-0.1543	0.5798
23.340	0.1589	-0.1543	0.5797
23.350	0.1589	-0.1543	0.5796
23.360	0.1589	-0.1543	0.5795
23.370	0.1589	-0.1543	0.5794
23.380	0.1589	-0.1543	0.5793
23.390	0.1589	-0.1543	0.5792
23.400	0.1589	-0.1543	0.5791
23.410	0.1589	-0.1543	0.5790
23.420	0.1589	-0.1543	0.5789
23.430	0.1589	-0.1543	0.5788
23.440	0.1589	-0.1543	0.5788
23.450	0.1589	-0.1543	0.5787
23.460	0.1589	-0.1543	0.5786
23.470	0.1589	-0.1543	0.5786
23.480	0.1589	-0.1543	0.5785
23.490	0.1589	-0.1543	0.5785
23.500	0.1589	-0.1543	0.5784
23.510	0.1589	-0.1543	0.5784
23.520	0.1589	-0.1543	0.5783
23.530	0.1589	-0.1543	0.5783
23.540	0.1589	-0.1543	0.5783
23.550	0.1589	-0.1543	0.5782
23.560	0.1589	-0.1543	0.5782
23.570	0.1589	-0.1543	0.5782
23.580	0.1589	-0.1543	0.5782
23.590	0.1589	-0.1543	0.5782
23.600	0.1589	-0.1543	0.5782
23.610	0.1589	-0.1543	0.5782
23.620	0.1589	-0.1543	0.5782
23.630	0.1589	-0.1543	0.5782
23.640	0.1589	-0.1543	0.5782
23.650	0.1589	-0.1543	0.5782
23.660	0.1589	-0.1543	0.5782
23.670	0.1589	-0.1543	0.5782
23.680	0.1589	-0.1543	0.5782
23.690	0.1589	-0.1543	0.5782
23.700	0.1589	-0.1543	0.5782
23.710	0.1589	-0.1543	0.5782
23.720	0.1589	-0.1543	0.5782
23.730	0.1589	-0.1543	0.5782
23.740	0.1589	-0.1543	0.5782
23.750	0.1589	-0.1543	0.5782
23.760	0.1589	-0.1543	0.5782
23.770	0.1589	-0.1543	0.5782
23.780	0.1589	-0.1543	0.5782
23.790	0.1589	-0.1543	0.5782
23.800	0.1589	-0.1543	0.5782
23.810	0.1589	-0.1543	0.5782
23.820	0.1589	-0.1543	0.5782
23.830	0.1589	-0.1543	0.5782
23.840	0.1589	-0.1543	0.5782
23.850	0.1589	-0.1543	0.5782
23.860	0.1589	-0.1543	0.5782
23.870	0.1589	-0.1543	0.5782
23.880	0.1589	-0.1543	0.5782
23.890	0.1589	-0.1543	0.5782
23.900	0.1589	-0.1543	0.5782
23.910	0.1589	-0.1543	0.5782
23.920	0.1589	-0.1543	0.5782
23.930	0.1589	-0.1543	0.5782
23.940	0.1589	-0.1543	0.5782
23.950	0.1589	-0.1543	0.5782
23.960	0.1589	-0.1543	0.5782
23.970	0.1589	-0.1543	0.5782
23.980	0.1589	-0.1543	0.5782
23.990	0.1589	-0.1543	0.5782
24.000	0.1589	-0.1543	0.5782
24.010	0.1589	-0.1543	0.5782
24.020	0.1589	-0.1543	0.5782
24.030	0.1589	-0.1543	0.5782
24.040	0.1589	-0.1543	0.5782
24.050	0.1589	-0.1543	0.5782
24.060	0.1589	-0.1543	0.5782
24.070	0.1589	-0.1543	0.5782
24.080	0.1589	-0.1543	0.5782
24.090	0.1589	-0.1543	0.5782
24.100	0.1589	-0.1543	0.5782
24.110	0.1589	-0.1543	0.5782
24.120	0.1589	-0.1543	0.5782
24.130	0.1589	-0.1543	0.5782
24.140	0.1589	-0.1543	0.5782
24.150	0.1589	-0.1543	0.5782
24.160	0.1589	-0.1543	0.5782
24.170	0.1589	-0.1543	0.5782
24.180	0.1589	-0.1543	0.5782
24.190	0.1589	-0.1543	0.5782
24.200	0.1589	-0.1543	0.5782
24.210	0.1589	-0.1543	0.5782
24.220	0.1589	-0.1543	0.5782
24.230	0.1589	-0.1543	0.5782
24.240	0.1589	-0.1543	0.5782
24.250	0.1589	-0.1543	0.5782
24.260	0.1589	-0.1543	0.5782
24.270	0.1589	-0.1543	0.5782
24.280	0.1589	-0.1543	0.5782
24.290	0.1589	-0.1543	0.5782
24.300	0.1589	-0.1543	0.5782
24.310	0.1589	-0.1543	0.5782
24.320	0.1589	-0.1543	0.5782
24.330	0.1589	-0.1543	0.5782
24.340	0.1589	-0.1543	0.5782
24.350	0.1589	-0.1543	0.5782
24.360	0.1589	-0.1543	0.5782
24.370	0.1589	-0.1543	0.5782
24.380	0.1589	-0.1543	0.5782
24.390	0.1589	-0.1543	0.5782
24.400	0.1589	-0.1543	0.5782
24.410	0.1589	-0.1543	0.5782
24.420	0.1589	-0.1543	0.5782
24.430	0.1589	-0.1543	0.5782
24.440	0.1589	-0.1543	0.5782
24.450	0.1589	-0.1543	0.5782
24.460	0.1589	-0.1543	0.5782
24.470	0.1589	-0.1543	0.5782
24.480	0.1589	-0.1543	0.5782
24.490	0.1589	-0.1543	0.5782
24.500	0.1589	-0.1543	0.5782
24.510	0.1589	-0.1543	0.5782
24.520	0.1589	-0.1543	0.5782
24.530	0.1589	-0.1543	0.5782
24.540	0.1589	-0.1543	0.5782
24.550	0.1589	-0.1543	0.5782
24.560	0.1589	-0.1543	0.5782
24.570	0.1589	-0.1543	0.5782
24.580	0.1589	-0.1543	0.5782
24.590	0.1589	-0.1543	0.5782
24.600	0.1589	-0.1543	0.5782
24.610	0.1589	-0.1543	0.5782
24.620	0.1589	-0.1543	0.5782
24.630	0.1589	-0.1543	0.5783
24.640	0.1589	-0.1544	0.5783
24.650	0.1589	-0.1544	0.5784
24.660	0.1589	-0.1544	0.5784
24.670	0.1589	-0.1545	0.5785
24.680	0.1589	-0.1545	0.5785
24.690	0.1589	-0.1546	0.5786
24.700	0.1589	-0.1546	0.5787
24.710	0.1589	-0.1547	0.5788
24.720	0.1589	-0.1547	0.5789
24.730	0.1589	-0.1548	0.5790
24.740	0.1589	-0.1549	0.5792
24.750	0.1589	-0.1550	0.5793
24.760	0.1589	-0.1551	0.5794
24.770	0.1588	-0.1552	0.5796
24.780	0.1588	-0.1553	0.5797
24.790	0.1588	-0.1554	0.5799
24.800	0.1588	-0.1555	0.5801
24.810	0.1588	-0.1556	0.5803
24.820	0.1588	-0.1557	0.5804
24.830	0.1588	-0.1558	0.5806
24.840	0.1588	-0.1559	0.5809
24.850	0.1588	-0.1561	0.5811
24.860	0.1588	-0.1562	0.5813
24.870	0.1588	-0.1564	0.5815
24.880	0.1588	-0.1565	0.5818
24.890	0.1588	-0.1567	0.5820
24.900	0.1587	-0.1568	0.5823
24.910	0.1587	-0.1570	0.5826
24.920	0.1587	-0.1572	0.5828
24.930	0.1587	-0.1573	0.5831
24.940	0.1587	-0.1575	0.5834
24.950	0.1587	-0.1577	0.5837
24.960	0.1587	-0.1579	0.5840
24.970	0.1587	-0.1581	0.5843
24.980	0.1587	-0.1583	0.5847
24.990	0.1586	-0.1585	0.5850
25.000	0.1586	-0.1587	0.5853
25.010	0.1586	-0.1589	0.5857
25.020	0.1586	-0.1592	0.5861
25.030	0.1586	-0.1594	0.5864
25.040	0.1586	-0.1596	0.5868
25.050	0.1586	-0.1599	0.5872
25.060	0.1586	-0.1601	0.5876
25.070	0.1585	-0.1604	0.5880
25.080	0.1585	-0.1606	0.5884
25.090	0.1585	-0.1609	0.5888
25.100	0.1585	-0.1611	0.5892
25.110	0.1585	-0.1614	0.5897
25.120	0.1585	-0.1617	0.5901
25.130	0.1584	-0.1619	0.5905
25.140	0.1584	-0.1622	0.5909
25.150	0.1584	-0.1625	0.5914
25.160	0.1584	-0.1627	0.5918
25.170	0.1584	-0.1630	0.5922
25.180	0.1584	-0.1632	0.5926
25.190	0.1583	-0.1635	0.5931
25.200	0.1583	-0.1638	0.5935
25.210	0.1583	-0.1640	0.5939
25.220	0.1583	-0.1643	0.5943
25.230	0.1583	-0.1646	0.5948
25.240	0.1583	-0.1648	0.5952
25.250	0.1583	-0.1651	0.5956
25.260	0.1582	-0.1654	0.5960
25.270	0.1582	-0.1656	0.5965
25.280	0.1582	-0.1659	0.5969
25.290	0.1582	-0.1661	0.5973
25.300	0.1582	-0.1664	0.5977
25.310	0.1582	-0.1667	0.5982
25.320	0.1581	-0.1669	0.5986
25.330	0.1581	-0.1672	0.5990
25.340	0.1581	-0.1675	0.5994
25.350	0.1581	-0.1677	0.5999
25.360	0.1581	-0.1680	0.6003
25.370	0.1581	-0.1682	0.6007
25.380	0.1580	-0.1685	0.6011
25.390	0.1580	-0.1688	0.6016
25.400	0.1580	-0.1690	0.6020
25.410	0.1580	-0.1693	0.6024
25.420	0.1580	-0.1696	0.6028
25.430	0.1580	-0.1698	0.6033
25.440	0.1580	-0.1701	0.6037
25.450	0.1579	-0.1704	0.6041
25.460	0.1579	-0.1706	0.6045
25.470	0.1579	-0.1709	0.6050
25.480	0.1579	-0.1711	0.6054
25.490	0.1579	-0.1714	0.6058
25.500	0.1579	-0.1717	0.6062
25.510	0.1578	-0.1719	0.6067
25.520	0.1578	-0.1722	0.6071
25.530	0.1578	-0.1725	0.6075
25.540	0.1578	-0.1727	0.6079
25.550	0.1578	-0.1730	0.6084
25.560	0.1578	-0.1732	0.6088
25.570	0.1578	-0.1735	0.6092
25.580	0.1577	-0.1738	0.6096
25.590	0.1577	-0.1740	0.6101
25.600	0.1577	-0.1743	0.6105
25.610	0.1577	-0.1746	0.6109
25.620	0.1577	-0.1748	0.6113
25.630	0.1577	-0.1751	0.6118
25.640	0.1576	-0.1754	0.6122
25.650	0.1576	-0.1756	0.6126
25.660	0.1576	-0.1759	0.6130
25.670	0.1576	-0.1761	0.6135
25.680	0.1576	-0.1764	0.6139
25.690	0.1576	-0.1767	0.6143
25.700	0.1575	-0.1769	0.6147
25.710	0.1575	-0.1772	0.6152
25.720	0.1575	-0.1775	0.6156
25.730	0.1575	-0.1777	0.6160
25.740	0.1575	-0.1780	0.6164
25.750	0.1575	-0.1783	0.6169
25.760	0.1575	-0.1785	0.6173
25.770	0.1574	-0.1788	0.6177
25.780	0.1574	-0.1790	0.6181
25.790	0.1574	-0.1793	0.6186
25.800	0.1574	-0.1796	0.6190
25.810	0.1574	-0.1798	0.6194
25.820	0.1574	-0.1801	0.6198
25.830	0.1573	-0.1804	0.6203
25.840	0.1573	-0.1806	0.6207
25.850	0.1573	-0.1809	0.6211
25.860	0.1573	-0.1811	0.6215
25.870	0.1573	-0.1814	0.6220
25.880	0.1573	-0.1817	0.6224
25.890	0.1572	-0.1819	0.6228
25.900	0.1572	-0.1822	0.6232
25.910	0.1572	-0.1825	0.6237
25.920	0.1572	-0.1827	0.6241
25.930	0.1572	-0.1830	0.6245
25.940	0.1572	-0.1833	0.6249
25.950	0.1572	-0.1835	0.6254
25.960	0.1571	-0.1838	0.6258
25.970	0.1571	-0.1840	0.6262
25.980	0.1571	-0.1843	0.6266
25.990	0.1571	-0.1846	0.6271
26.000	0.1571	-0.1848	0.6275
26.010	0.1571	-0.1851	0.6279
26.020	0.1570	-0.1854	0.6283
26.030	0.1570	-0.1856	0.6288
26.040	0.1570	-0.1859	0.6292
26.050	0.1570	-0.1861	0.6296
26.060	0.1570	-0.1864	0.6300
26.070	0.1570	-0.1867	0.6305
26.080	0.1569	-0.1869	0.6309
26.090	0.1569	-0.1872	0.6313
26.100	0.1569	-0.1875	0.6317
26.110	0.1569	-0.1877	0.6322
26.120	0.1569	-0.1880	0.6326
26.130	0.1569	-0.1883	0.6330
26.140	0.1569	-0.1885	0.6334
26.150	0.1568	-0.1888	0.6339
26.160	0.1568	-0.1890	0.6343
26.170	0.1568	-0.1893	0.6347
26.180	0.1568	-0.1896	0.6351
26.190	0.1568	-0.1898	0.6356
26.200	0.1568	-0.1901	0.6360
26.210	0.1567	-0.1904	0.6364
26.220	0.1567	-0.1906	0.6368
26.230	0.1567	-0.1909	0.6373
26.240	0.1567	-0.1911	0.6377
26.250	0.1567	-0.1914	0.6381
26.260	0.1567	-0.1917	0.6385
26.270	0.1566	-0.1919	0.6390
26.280	0.1566	-0.1922	0.6394
26.290	0.1566	-0.1925	0.6398
26.300	0.1566	-0.1927	0.6402
26.310	0.1566	-0.1930	0.6407
26.320	0.1566	-0.1933	0.6411
26.330	0.1566	-0.1935	0.6415
26.340	0.1565	-0.1938	0.6419
26.350	0.1565	-0.1940	0.6423
26.360	0.1565	-0.1943	0.6428
26.370	0.1565	-0.1946	0.6432
26.380	0.1565	-0.1948	0.6436
26.390	0.1565	-0.1951	0.6440
26.400	0.1564	-0.1954	0.6445
26.410	0.1564	-0.1956	0.6449
26.420	0.1564	-0.1959	0.6453
26.430	0.1564	-0.1961	0.6457
26.440	0.1564	-0.1964	0.6462
26.450	0.1564	-0.1967	0.6466
26.460	0.1563	-0.1969	0.6470
26.470	0.1563	-0.1972	0.6474
26.480	0.1563	-0.1975	0.6479
26.490	0.1563	-0.1977	0.6483
26.500	0.1563	-0.1980	0.6487
26.510	0.1563	-0.1983	0.6491
26.520	0.1563	-0.1985	0.6496
26.530	0.1562	-0.1988	0.6500
26.540	0.1562	-0.1990	0.6504
26.550	0.1562	-0.1993	0.6508
26.560	0.1562	-0.1996	0.6513
26.570	0.1562	-0.1998	0.6517
26.580	0.1562	-0.2001	0.6521
26.590	0.1561	-0.2004	0.6525
26.600	0.1561	-0.2006	0.6530
26.610	0.1561	-0.2009	0.6534
26.620	0.1561	-0.2011	0.6538
26.630	0.1561	-0.2014	0.6542
26.640	0.1561	-0.2017	0.6547
26.650	0.1561	-0.2019	0.6551
26.660	0.1560	-0.2022	0.6555
26.670	0.1560	-0.2025	0.6559
26.680	0.1560	-0.2027	0.6564
26.690	0.1560	-0.2030	0.6568
26.700	0.1560	-0.2033	0.6572
26.710	0.1560	-0.2035	0.6576
26.720	0.1559	-0.2038	0.6581
26.730	0.1559	-0.2040	0.6585
26.740	0.1559	-0.2043	0.6589
26.750	0.1559	-0.2046	0.6593
26.760	0.1559	-0.2048	0.6598
26.770	0.1559	-0.2051	0.6602
26.780	0.1558	-0.2054	0.6606
26.790	0.1558	-0.2056	0.6610
26.800	0.1558	-0.2059	0.6615
26.810	0.1558	-0.2061	0.6619
26.820	0.1558	-0.2064	0.6623
26.830	0.1558	-0.2067	0.6627
26.840	0.1558	-0.2069	0.6632
26.850	0.1557	-0.2072	0.6636
26.860	0.1557	-0.2075	0.6640
26.870	0.1557	-0.2077	0.6644
26.880	0.1557	-0.2080	0.6649
26.890	0.1557	-0.2083	0.6653
26.900	0.1557	-0.2085	0.6657
26.910	0.1556	-0.2088	0.6661
26.920	0.1556	-0.2090	0.6666
26.930	0.1556	-0.2093	0.6670
26.940	0.1556	-0.2096	0.6674
26.950	0.1556	-0.2098	0.6678
26.960	0.1556	-0.2101	0.6683
26.970	0.1555	-0.2104	0.6687
26.980	0.1555	-0.2106	0.6691
26.990	0.1555	-0.2109	0.6695
27.000	0.1555	-0.2111	0.6700
27.010	0.1555	-0.2114	0.6704
27.020	0.1555	-0.2117	0.6708
27.030	0.1555	-0.2119	0.6712
27.040	0.1554	-0.2122	0.6717
27.050	0.1554	-0.2125	0.6721
27.060	0.1554	-0.2127	0.6725
27.070	0.1554	-0.2130	0.6729
27.080	0.1554	-0.2133	0.6734
27.090	0.1554	-0.2135	0.6738
27.100	0.1553	-0.2138	0.6742
27.110	0.1553	-0.2140	0.6746
27.120	0.1553	-0.2143	0.6751
27.130	0.1553	-0.2146	0.6755
27.140	0.1553	-0.2148	0.6759
27.150	0.1553	-0.2151	0.6763
27.160	0.1552	-0.2154	0.6768
27.170	0.1552	-0.2156	0.6772
27.180	0.1552	-0.2159	0.6776
27.190	0.1552	-0.2162	0.6780
27.200	0.1552	-0.2164	0.6785
27.210	0.1552	-0.2167	0.6789
27.220	0.1552	-0.2169	0.6793
27.230	0.1551	-0.2172	0.6797
27.240	0.1551	-0.2175	0.6802
27.250	0.1551	-0.2177	0.6806
27.260	0.1551	-0.2180	0.6810
27.270	0.1551	-0.2183	0.6814
27.280	0.1551	-0.2185	0.6819
27.290	0.1550	-0.2188	0.6823
27.300	0.1550	-0.2190	0.6827
27.310	0.1550	-0.2193	0.6831
27.320	0.1550	-0.2196	0.6836
27.330	0.1550	-0.2198	0.6840
27.340	0.1550	-0.2201	0.6844
27.350	0.1549	-0.2204	0.6848
27.360	0.1549	-0.2206	0.6853
27.370	0.1549	-0.2209	0.6857
27.380	0.1549	-0.2212	0.6861
27.390	0.1549	-0.2214	0.6865
27.400	0.1549	-0.2217	0.6870
27.410	0.1549	-0.2219	0.6874
27.420	0.1548	-0.2222	0.6878
27.430	0.1548	-0.2225	0.6882
27.440	0.1548	-0.2227	0.6887
27.450	0.1548	-0.2230	0.6891
27.460	0.1548	-0.2233	0.6895
27.470	0.1548	-0.2235	0.6899
27.480	0.1547	-0.2238	0.6904
27.490	0.1547	-0.2240	0.6908
27.500	0.1547	-0.2243	0.6912
27.510	0.1547	-0.2246	0.6916
27.520	0.1547	-0.2248	0.6921
27.530	0.1547	-0.2251	0.6925
27.540	0.1546	-0.2254	0.6929
27.550	0.1546	-0.2256	0.6933
27.560	0.1546	-0.2259	0.6938
27.570	0.1546	-0.2262	0.6942
27.580	0.1546	-0.2264	0.6946
27.590	0.1546	-0.2267	0.6950
27.600	0.1546	-0.2269	0.6955
27.610	0.1545	-0.2272	0.6959
27.620	0.1545	-0.2275	0.6963
27.630	0.1545	-0.2277	0.6967
27.640	0.1545	-0.2280	0.6972
27.650	0.1545	-0.2283	0.6976
27.660	0.1545	-0.2285	0.6980
27.670	0.1544	-0.2288	0.6984
27.680	0.1544	-0.2290	0.6989
27.690	0.1544	-0.2293	0.6993
27.700	0.1544	-0.2296	0.6997
27.710	0.1544	-0.2298	0.7001
27.720	0.1544	-0.2301	0.7006
27.730	0.1544	-0.2304	0.7010
27.740	0.1543	-0.2306	0.7014
27.750	0.1543	-0.2309	0.7018
27.760	0.1543	-0.2312	0.7023
27.770	0.1543	-0.2314	0.7027
27.780	0.1543	-0.2317	0.7031
27.790	0.1543	-0.2319	0.7035
27.800	0.1542	-0.2322	0.7040
27.810	0.1542	-0.2325	0.7044
27.820	0.1542	-0.2327	0.7048
27.830	0.1542	-0.2330	0.7052
27.840	0.1542	-0.2333	0.7056
27.850	0.1542	-0.2335	0.7061
27.860	0.1541	-0.2338	0.7065
27.870	0.1541	-0.2340	0.7069
27.880	0.1541	-0.2343	0.7073
27.890	0.1541	-0.2346	0.7078
27.900	0.1541	-0.2348	0.7082
27.910	0.1541	-0.2351	0.7086
27.920	0.1541	-0.2354	0.7090
27.930	0.1540	-0.2356	0.7095
27.940	0.1540	-0.2359	0.7099
27.950	0.1540	-0.2362	0.7103
27.960	0.1540	-0.2364	0.7107
27.970	0.1540	-0.2367	0.7112
27.980	0.1540	-0.2369	0.7116
27.990	0.1539	-0.2372	0.7120
28.000	0.1539	-0.2375	0.7124
28.010	0.1539	-0.2377	0.7129
28.020	0.1539	-0.2380	0.7133
28.030	0.1539	-0.2383	0.7137
28.040	0.1539	-0.2385	0.7141
28.050	0.1538	-0.2388	0.7146
28.060	0.1538	-0.2390	0.7150
28.070	0.1538	-0.2393	0.7154
28.080	0.1538	-0.2396	0.7158
28.090	0.1538	-0.2398	0.7163
28.100	0.1538	-0.2401	0.7167
28.110	0.1538	-0.2404	0.7171
28.120	0.1537	-0.2406	0.7175
28.130	0.1537	-0.2409	0.7180
28.140	0.1537	-0.2412	0.7184
28.150	0.1537	-0.2414	0.7188
28.160	0.1537	-0.2417	0.7192
28.170	0.1537	-0.2419	0.7197
28.180	0.1536	-0.2422	0.7201
28.190	0.1536	-0.2425	0.7205
28.200	0.1536	-0.2427	0.7209
28.210	0.1536	-0.2430	0.7214
28.220	0.1536	-0.2433	0.7218
28.230	0.1536	-0.2435	0.7222
28.240	0.1535	-0.2438	0.7226
28.250	0.1535	-0.2440	0.7231
28.260	0.1535	-0.2443	0.7235
28.270	0.1535	-0.2446	0.7239
28.280	0.1535	-0.2448	0.7243
28.290	0.1535	-0.2451	0.7248
28.300	0.1535	-0.2454	0.7252
28.310	0.1534	-0.2456	0.7256
28.320	0.1534	-0.2459	0.7260
28.330	0.1534	-0.2462	0.7265
28.340	0.1534	-0.2464	0.7269
28.350	0.1534	-0.2467	0.7273
28.360	0.1534	-0.2469	0.7277
28.370	0.1533	-0.2472	0.7282
28.380	0.1533	-0.2475	0.7286
28.390	0.1533	-0.2477	0.7290
28.400	0.1533	-0.2480	0.7294
28.410	0.1533	-0.2483	0.7299
28.420	0.1533	-0.2485	0.7303
28.430	0.1532	-0.2488	0.7307
28.440	0.1532	-0.2490	0.7311
28.450	0.1532	-0.2493	0.7316
28.460	0.1532	-0.2496	0.7320
28.470	0.1532	-0.2498	0.7324
28.480	0.1532	-0.2501	0.7328
28.490	0.1532	-0.2504	0.7333
28.500	0.1531	-0.2506	0.7337
28.510	0.1531	-0.2509	0.7341
28.520	0.1531	-0.2512	0.7345
28.530	0.1531	-0.2514	0.7350
28.540	0.1531	-0.2517	0.7354
28.550	0.1531	-0.2519	0.7358
28.560	0.1530	-0.2522	0.7362
28.570	0.1530	-0.2525	0.7367
28.580	0.1530	-0.2527	0.7371
28.590	0.1530	-0.2530	0.7375
28.600	0.1530	-0.2533	0.7379
28.610	0.1530	-0.2535	0.7384
28.620	0.1529	-0.2538	0.7388
28.630	0.1529	-0.2540	0.7392
28.640	0.1529	-0.2543	0.7396
28.650	0.1529	-0.2546	0.7401
28.660	0.1529	-0.2548	0.7405
28.670	0.1529	-0.2551	0.7409
28.680	0.1529	-0.2554	0.7413
28.690	0.1528	-0.2556	0.7418
28.700	0.1528	-0.2559	0.7422
28.710	0.1528	-0.2562	0.7426
28.720	0.1528	-0.2564	0.7430
28.730	0.1528	-0.2567	0.7435
28.740	0.1528	-0.2569	0.7439
28.750	0.1527	-0.2572	0.7443
28.760	0.1527	-0.2575	0.7447
28.770	0.1527	-0.2577	0.7452
28.780	0.1527	-0.2580	0.7456
28.790	0.1527	-0.2583	0.7460
28.800	0.1527	-0.2585	0.7464
28.810	0.1527	-0.2588	0.7469
28.820	0.1526	-0.2591	0.7473
28.830	0.1526	-0.2593	0.7477
28.840	0.1526	-0.2596	0.7481
28.850	0.1526	-0.2598	0.7486
28.860	0.1526	-0.2601	0.7490
28.870	0.1526	-0.2604	0.7494
28.880	0.1525	-0.2606	0.7498
28.890	0.1525	-0.2609	0.7503
28.900	0.1525	-0.2612	0.7507
28.910	0.1525	-0.2614	0.7511
28.920	0.1525	-0.2617	0.7515
28.930	0.1525	-0.2619	0.7520
28.940	0.1524	-0.2622	0.7524
28.950	0.1524	-0.2625	0.7528
28.960	0.1524	-0.2627	0.7532
28.970	0.1524	-0.2630	0.7537
28.980	0.1524	-0.2633	0.7541
28.990	0.1524	-0.2635	0.7545
29.000	0.1524	-0.2638	0.7549
29.010	0.1523	-0.2641	0.7554
29.020	0.1523	-0.2643	0.7558
29.030	0.1523	-0.2646	0.7562
29.040	0.1523	-0.2648	0.7566
29.050	0.1523	-0.2651	0.7571
29.060	0.1523	-0.2654	0.7575
29.070	0.1522	-0.2656	0.7579
29.080	0.1522	-0.2659	0.7583
29.090	0.1522	-0.2662	0.7588
29.100	0.1522	-0.2664	0.7592
29.110	0.1522	-0.2667	0.7596
29.120	0.1522	-0.2669	0.7600
29.130	0.1521	-0.2672	0.7604
29.140	0.1521	-0.2674	0.7608
29.150	0.1521	-0.2677	0.7612
29.160	0.1521	-0.2679	0.7616
29.170	0.1521	-0.2681	0.7619
29.180	0.1521	-0.2684	0.7623
29.190	0.1521	-0.2686	0.7627
29.200	0.1521	-0.2688	0.7630
29.210	0.1520	-0.2690	0.7633
29.220	0.1520	-0.2692	0.7637
29.230	0.1520	-0.2694	0.7640
29.240	0.1520	-0.2696	0.7643
29.250	0.1520	-0.2698	0.7646
29.260	0.1520	-0.2700	0.7649
29.270	0.1520	-0.2701	0.7652
29.280	0.1520	-0.2703	0.7654
29.290	0.1520	-0.2705	0.7657
29.300	0.1519	-0.2706	0.7660
29.310	0.1519	-0.2708	0.7662
29.320	0.1519	-0.2709	0.7665
29.330	0.1519	-0.2711	0.7667
29.340	0.1519	-0.2712	0.7669
29.350	0.1519	-0.2714	0.7671
29.360	0.1519	-0.2715	0.7674
29.370	0.1519	-0.2716	0.7676
29.380	0.1519	-0.2717	0.7677
29.390	0.1519	-0.2718	0.7679
29.400	0.1519	-0.2719	0.7681
29.410	0.1519	-0.2720	0.7683
29.420	0.1519	-0.2721	0.7684
29.430	0.1518	-0.2722	0.7686
29.440	0.1518	-0.2723	0.7687
29.450	0.1518	-0.2724	0.7688
29.460	0.1518	-0.2725	0.7690
29.470	0.1518	-0.2726	0.7691
29.480	0.1518	-0.2726	0.7692
29.490	0.1518	-0.2727	0.7693
29.500	0.1518	-0.2727	0.7694
29.510	0.1518	-0.2728	0.7695
29.520	0.1518	-0.2728	0.7695
29.530	0.1518	-0.2729	0.7696
29.540	0.1518	-0.2729	0.7696
29.550	0.1518	-0.2729	0.7697
29.560	0.1518	-0.2730	0.7697
29.570	0.1518	-0.2730	0.7698
29.580	0.1518	-0.2730	0.7698
29.590	0.1518	-0.2730	0.7698
29.600	0.1518	-0.2730	0.7698
